-9999 -9999
1e+08 1
0 0
0.25 0
0.5 0
0.75 0
1 0
1.25 0
1.5 0
1.75 0
2 0
2.25 0
2.5 0
2.75 0
3 0
3.25 0
3.5 0
3.75 0
4 0
4.25 0
4.5 0
4.75 0
5 0
5.25 0
5.5 0
5.75 0
6 0
6.25 0
6.5 0
6.75 0
7 0
7.25 0
7.5 0
7.75 0
8 0
8.25 0
8.5 0.0107527
8.75 0.00605486
9 0.0109465
9.25 0.00729769
9.5 0.0109465
9.75 0.00691008
10 0.00621418
10.25 0.00551829
10.5 0.00482239
10.75 0.00479232
11 0.0094876
11.25 0.00729769
11.5 0.0109465
11.75 0.0109465
12 0.0102817
12.25 0.00961693
12.5 0.00895213
12.75 0.00745552
13 0.00730921
13.25 0.00729769
13.5 0.0109465
13.75 0.0109465
14 0.00951098
14.25 0.00807543
14.5 0.00663988
14.75 0.0121805
15 0.00748682
15.25 0.0109465
15.5 0.0109465
15.75 0.0109465
16 0.0108112
16.25 0.0106759
16.5 0.0105406
16.75 0.0109465
17 0.0122279
17.25 0.0148813
17.5 0.0109465
17.75 0.0185863
18 0.0187077
18.25 0.0188291
18.5 0.0189505
18.75 0.0216729
19 0.0212969
19.25 0.0145954
19.5 0.0430858
19.75 0.0455422
20 0.0687874
20.25 0.0920327
20.5 0.115278
20.75 0.221396
21 0.406319
21.25 0.540939
21.5 0.621593
21.75 0.702704
22 0.791735
22.25 0.880765
22.5 0.969795
22.75 1
23 0.938364
23.25 0.854943
23.5 0.798359
23.75 0.730959
24 0.638757
24.25 0.546554
24.5 0.454352
24.75 0.363064
25 0.342669
25.25 0.348559
25.5 0.340375
25.75 0.334989
26 0.294688
26.25 0.254386
26.5 0.214085
26.75 0.127743
27 0.0609406
27.25 0.0749781
27.5 0.0671903
27.75 0.0873446
28 0.104199
28.25 0.121053
28.5 0.137907
28.75 0.146455
29 0.125146
29.25 0.101949
29.5 0.0832599
29.75 0.0792717
30 0.0666324
30.25 0.053993
30.5 0.0413537
30.75 0.065861
31 0.103434
31.25 0.0983006
31.5 0.123434
31.75 0.107527
32 0.102892
32.25 0.0982574
32.5 0.0936228
32.75 0.0531039
33 0.0431411
33.25 0.0266855
33.5 0.0189814
33.75 0.033866
34 0.0435533
34.25 0.0532407
34.5 0.0629281
34.75 0.0677618
35 0.0701068
35.25 0.0600968
35.5 0.0511206
35.75 0.0415057
36 0.0352584
36.25 0.0290111
36.5 0.0227638
36.75 0.0242867
37 0.0339716
37.25 0.0491503
37.5 0.035051
37.75 0.0527489
38 0.0509655
38.25 0.049182
38.5 0.0473986
38.75 0.0361015
39 0.020755
39.25 0.0143095
39.5 0.0189814
39.75 0.0185863
40 0.0240026
40.25 0.0294189
40.5 0.0348352
40.75 0.0339245
41 0.0392257
41.25 0.0379179
41.5 0.035051
41.75 0.0185863
42 0.0160914
42.25 0.0135965
42.5 0.0111016
42.75 0.0170463
43 0.0301565
43.25 0.022179
43.5 0.035051
43.75 0.034299
44 0.0328798
44.25 0.0314606
44.5 0.0300414
44.75 0.018216
45 0.0122765
45.25 0.0185301
45.5 0.0109465
45.75 0.0221897
46 0.0239228
46.25 0.0256558
46.5 0.0273889
46.75 0.0315511
47 0.0210905
47.25 0.022179
47.5 0.0189814
47.75 0.014983
48 0.0134432
48.25 0.0119035
48.5 0.0103637
48.75 0.0135274
49 0.0210388
49.25 0.0185301
49.5 0.0189814
49.75 0.0221897
50 0.0204833
50.25 0.018777
50.5 0.0170707
50.75 0.0143168
51 0.0160428
51.25 0.0106606
51.5 0.0109465
51.75 0.0185863
52 0.0185471
52.25 0.0185079
52.5 0.0184687
52.75 0.0168345
53 0.0158652
53.25 0.0145954
53.5 0.0189814
53.75 0.0105134
54 0.0121704
54.25 0.0138273
54.5 0.0154842
54.75 0.0158135
55 0.0158652
55.25 0.0263996
55.5 0.0189814
55.75 0.0145499
56 0.015691
56.25 0.0168322
56.5 0.0179733
56.75 0.0169255
57 0.0177081
57.25 0.0185301
57.5 0.0189814
57.75 0.0185863
58 0.0166192
58.25 0.014652
58.5 0.0126848
58.75 0.0144375
59 0.0158652
59.25 0.0106606
59.5 0.0189814
59.75 0.014983
60 0.0155391
60.25 0.0160951
60.5 0.0166512
60.75 0.0156648
61 0.00876815
61.25 0.0148813
61.5 0.0109465
61.75 0.0109465
62 0.0113872
62.25 0.0118279
62.5 0.0122687
62.75 0.0134345
63 0.0160428
63.25 0.0145954
63.5 0.0189814
63.75 0.0190194
64 0.0163284
