-9999 -9999
14000 1
0 0.0039
0.25 0.0012
0.5 0.0062
0.75 0.0022
1 0.002
1.25 0.0035
1.5 0.0132
1.75 0.0141
2 0.0151
2.25 0.0118
2.5 0.0194
2.75 0.0116
3 0.0165
3.25 0.0273
3.5 0.037
3.75 0.0393
4 0.0446
4.25 0.0449
4.5 0.0556
4.75 0.0566
5 0.0642
5.25 0.0948
5.5 0.0895
5.75 0.1166
6 0.1263
6.25 0.1294
6.5 0.1466
6.75 0.1555
7 0.1842
7.25 0.2076
7.5 0.2355
7.75 0.2642
8 0.2693
8.25 0.282
8.5 0.3097
8.75 0.3432
9 0.375
9.25 0.4304
9.5 0.4631
9.75 0.4883
10 0.5062
10.25 0.5379
10.5 0.5776
10.75 0.6104
11 0.6626
11.25 0.7099
11.5 0.7529
11.75 0.7724
12 0.7916
12.25 0.8147
12.5 0.8517
12.75 0.8798
13 0.9055
13.25 0.9411
13.5 0.9574
13.75 0.9648
14 0.9747
14.25 0.9798
14.5 0.9898
14.75 0.9949
15 1
15.25 0.9899
15.5 0.9865
15.75 0.9891
16 0.9676
16.25 0.9622
16.5 0.9403
16.75 0.9234
17 0.9015
17.25 0.8828
17.5 0.8627
17.75 0.8522
18 0.8414
18.25 0.8097
18.5 0.7915
18.75 0.7596
19 0.7395
19.25 0.7226
19.5 0.6967
19.75 0.6866
20 0.6778
20.25 0.6626
20.5 0.6375
20.75 0.6137
21 0.591
21.25 0.5812
21.5 0.5587
21.75 0.5519
22 0.5416
22.25 0.5294
22.5 0.5116
22.75 0.5004
23 0.4754
23.25 0.4701
23.5 0.455
23.75 0.453
24 0.439
24.25 0.4273
24.5 0.413
24.75 0.3993
25 0.3812
25.25 0.3732
25.5 0.3736
25.75 0.3632
26 0.3589
26.25 0.3505
26.5 0.3413
26.75 0.3302
27 0.3182
27.25 0.3088
27.5 0.3101
27.75 0.3037
28 0.2995
28.25 0.2909
28.5 0.2872
28.75 0.2702
29 0.2675
29.25 0.2646
29.5 0.2547
29.75 0.2611
30 0.2592
30.25 0.2515
30.5 0.2443
30.75 0.2389
31 0.229
31.25 0.2381
31.5 0.2313
31.75 0.2344
32 0.2297
32.25 0.2258
32.5 0.221
32.75 0.2113
33 0.2049
33.25 0.2111
33.5 0.2033
33.75 0.2007
34 0.2088
34.25 0.2017
34.5 0.1962
34.75 0.1925
35 0.1836
35.25 0.1864
35.5 0.1788
35.75 0.1861
36 0.1896
36.25 0.1791
36.5 0.1723
36.75 0.1618
37 0.1566
37.25 0.1633
37.5 0.1513
37.75 0.153
38 0.1576
38.25 0.1443
38.5 0.1396
38.75 0.126
39 0.1205
39.25 0.1277
39.5 0.1169
39.75 0.1172
40 0.1112
40.25 0.1058
40.5 0.0956
40.75 0.0894
41 0.0851
41.25 0.0817
41.5 0.0657
41.75 0.076
42 0.0768
42.25 0.0621
42.5 0.0571
42.75 0.0442
43 0.0421
43.25 0.0451
43.5 0.0271
43.75 0.0511
44 0.0386
44.25 0.033
44.5 0.0365
44.75 0.0275
45 0.0354
45.25 0.0395
45.5 0.0317
45.75 0.0453
46 0.0489
46.25 0.0508
46.5 0.0499
46.75 0.0537
47 0.0626
47.25 0.0716
47.5 0.0657
47.75 0.0845
48 0.0843
48.25 0.0848
48.5 0.0869
48.75 0.0851
49 0.0939
49.25 0.1036
49.5 0.107
49.75 0.1173
50 0.1129
50.25 0.1144
50.5 0.1161
50.75 0.1102
51 0.1193
51.25 0.1223
51.5 0.1229
51.75 0.129
52 0.13
52.25 0.124
52.5 0.121
52.75 0.1186
53 0.1213
53.25 0.1204
53.5 0.1185
53.75 0.1205
54 0.1148
54.25 0.1229
54.5 0.119
54.75 0.1162
55 0.1144
55.25 0.1167
55.5 0.1223
55.75 0.1235
56 0.1249
56.25 0.1205
56.5 0.1086
56.75 0.1103
57 0.1108
57.25 0.1166
57.5 0.1223
57.75 0.1254
58 0.1229
58.25 0.1202
58.5 0.112
58.75 0.1059
59 0.1062
59.25 0.1159
59.5 0.1127
59.75 0.118
60 0.1187
60.25 0.1087
60.5 0.117
60.75 0.1107
61 0.1168
61.25 0.108
61.5 0.1135
61.75 0.1146
62 0.1036
62.25 0.1097
62.5 0.1133
62.75 0.101
63 0.1111
63.25 0.0904
63.5 0.065
63.75 0.0617
64 0.0643
-9999 -9999
17300 1
0 -0
0.25 0.0015
0.5 0.003
0.75 -0
1 -0
1.25 0.0007
1.5 -0
1.75 0.0006
2 0.0034
2.25 0.0044
2.5 0.0121
2.75 0.0148
3 0.0198
3.25 0.0221
3.5 0.0232
3.75 0.028
4 0.0335
4.25 0.0396
4.5 0.0567
4.75 0.0614
5 0.0737
5.25 0.0809
5.5 0.0823
5.75 0.0947
6 0.1091
6.25 0.1287
6.5 0.15
6.75 0.1694
7 0.1934
7.25 0.2083
7.5 0.2146
7.75 0.2383
8 0.2674
8.25 0.3027
8.5 0.3347
8.75 0.3704
9 0.4021
9.25 0.4266
9.5 0.4318
9.75 0.4657
10 0.5046
10.25 0.5465
10.5 0.5844
10.75 0.618
11 0.6561
11.25 0.6826
11.5 0.6863
11.75 0.7166
12 0.7519
12.25 0.789
12.5 0.8197
12.75 0.8445
13 0.8711
13.25 0.8882
13.5 0.8859
13.75 0.9047
14 0.925
14.25 0.9421
14.5 0.9597
14.75 0.9757
15 0.9865
15.25 0.9918
15.5 0.9867
15.75 0.9913
16 0.9958
16.25 1
16.5 0.9984
16.75 0.9989
17 0.9982
17.25 0.9989
17.5 0.9848
17.75 0.9815
18 0.9745
18.25 0.9675
18.5 0.9578
18.75 0.946
19 0.9314
19.25 0.9193
19.5 0.9048
19.75 0.8892
20 0.8692
20.25 0.8458
20.5 0.8299
20.75 0.8105
21 0.7823
21.25 0.7618
21.5 0.7448
21.75 0.7225
22 0.6966
22.25 0.6729
22.5 0.6513
22.75 0.6327
23 0.6051
23.25 0.583
23.5 0.5661
23.75 0.5448
24 0.5228
24.25 0.5013
24.5 0.4869
24.75 0.474
25 0.4524
25.25 0.4354
25.5 0.423
25.75 0.4089
26 0.3929
26.25 0.3768
26.5 0.3733
26.75 0.3598
27 0.3457
27.25 0.3344
27.5 0.3244
27.75 0.3141
28 0.3021
28.25 0.2901
28.5 0.2861
28.75 0.2815
29 0.2699
29.25 0.2591
29.5 0.2526
29.75 0.2455
30 0.236
30.25 0.2281
30.5 0.2252
30.75 0.2222
31 0.2138
31.25 0.2089
31.5 0.2007
31.75 0.1971
32 0.1907
32.25 0.1856
32.5 0.1825
32.75 0.182
33 0.1768
33.25 0.1726
33.5 0.1671
33.75 0.1633
34 0.1578
34.25 0.1516
34.5 0.1541
34.75 0.1481
35 0.1455
35.25 0.1412
35.5 0.1375
35.75 0.1333
36 0.1268
36.25 0.1204
36.5 0.1257
36.75 0.1185
37 0.1139
37.25 0.1079
37.5 0.1047
37.75 0.0995
38 0.0923
38.25 0.0851
38.5 0.0831
38.75 0.0762
39 0.0728
39.25 0.0696
39.5 0.0655
39.75 0.0585
40 0.051
40.25 0.0439
40.5 0.0405
40.75 0.036
41 0.033
41.25 0.0299
41.5 0.0262
41.75 0.0213
42 0.0169
42.25 0.01
42.5 0.0121
42.75 0.0085
43 0.0081
43.25 0.007
43.5 0.0053
43.75 0.0032
44 0.0016
44.25 -0
44.5 0.004
44.75 0.0042
45 0.0068
45.25 0.004
45.5 0.0053
45.75 0.0032
46 0.0036
46.25 0.0015
46.5 0.006
46.75 0.0106
47 0.0095
47.25 0.0096
47.5 0.0087
47.75 0.009
48 0.0087
48.25 0.0085
48.5 0.0161
48.75 0.0148
49 0.0199
49.25 0.0202
49.5 0.0196
49.75 0.0212
50 0.0227
50.25 0.0212
50.5 0.0323
50.75 0.0339
51 0.0375
51.25 0.0396
51.5 0.0401
51.75 0.0421
52 0.0428
52.25 0.0438
52.5 0.0506
52.75 0.0529
53 0.0583
53.25 0.0598
53.5 0.061
53.75 0.0625
54 0.0626
54.25 0.0624
54.5 0.0689
54.75 0.0741
55 0.0732
55.25 0.0717
55.5 0.0711
55.75 0.0705
56 0.0705
56.25 0.0681
56.5 0.0729
56.75 0.0741
57 0.0718
57.25 0.0696
57.5 0.068
57.75 0.0676
58 0.0649
58.25 0.0651
58.5 0.0668
58.75 0.0698
59 0.0664
59.25 0.0634
59.5 0.0644
59.75 0.0635
60 0.0611
60.25 0.0609
60.5 0.0649
60.75 0.0656
61 0.0655
61.25 0.0647
61.5 0.0625
61.75 0.0626
62 0.0618
62.25 0.0598
62.5 0.0586
62.75 0.0614
63 0.0629
63.25 0.062
63.5 0.061
63.75 0.0591
64 0.0574
-9999 -9999
21600 0.89
0 0.0065
0.25 0.0099
0.5 0.0073
0.75 0.0048
1 0.0048
1.25 0.0048
1.5 0.0014
1.75 0.0081
2 0.0176
2.25 0.0248
2.5 0.0243
2.75 0.0239
3 0.0227
3.25 0.0216
3.5 0.025
3.75 0.0326
4 0.046
4.25 0.0546
4.5 0.0583
4.75 0.0621
5 0.0672
5.25 0.0724
5.5 0.0784
5.75 0.0949
6 0.1181
6.25 0.1339
6.5 0.141
6.75 0.1481
7 0.1704
7.25 0.1927
7.5 0.2101
7.75 0.241
8 0.2777
8.25 0.3125
8.5 0.3211
8.75 0.3297
9 0.373
9.25 0.4164
9.5 0.4432
9.75 0.4857
10 0.5293
10.25 0.5654
10.5 0.579
10.75 0.5925
11 0.6403
11.25 0.688
11.5 0.7158
11.75 0.7548
12 0.7921
12.25 0.8233
12.5 0.8345
12.75 0.8458
13 0.8762
13.25 0.9065
13.5 0.9239
13.75 0.9467
14 0.9674
14.25 0.982
14.5 0.9832
14.75 0.9844
15 0.9911
15.25 0.9979
15.5 0.9996
15.75 1
16 0.9982
16.25 0.9969
16.5 0.9882
16.75 0.9796
17 0.9658
17.25 0.9519
17.5 0.9399
17.75 0.9234
18 0.9064
18.25 0.8878
18.5 0.8739
18.75 0.8601
19 0.8351
19.25 0.81
19.5 0.7936
19.75 0.7706
20 0.7468
20.25 0.7241
20.5 0.7085
20.75 0.6929
21 0.6625
21.25 0.6321
21.5 0.6181
21.75 0.5941
22 0.5716
22.25 0.5505
22.5 0.5357
22.75 0.5209
23 0.4971
23.25 0.4734
23.5 0.46
23.75 0.4441
24 0.4314
24.25 0.4166
24.5 0.409
24.75 0.4014
25 0.3809
25.25 0.3605
25.5 0.3538
25.75 0.3433
26 0.335
26.25 0.3273
26.5 0.319
26.75 0.3106
27 0.2983
27.25 0.2861
27.5 0.2788
27.75 0.2731
28 0.2694
28.25 0.2629
28.5 0.2557
28.75 0.2485
29 0.2396
29.25 0.2308
29.5 0.2248
29.75 0.2197
30 0.2211
30.25 0.2133
30.5 0.2094
30.75 0.2055
31 0.1977
31.25 0.1899
31.5 0.1859
31.75 0.1839
32 0.1883
32.25 0.1835
32.5 0.1802
32.75 0.1768
33 0.1677
33.25 0.1587
33.5 0.1567
33.75 0.1541
34 0.162
34.25 0.1537
34.5 0.1533
34.75 0.1529
35 0.1426
35.25 0.1323
35.5 0.1284
35.75 0.1271
36 0.1315
36.25 0.1289
36.5 0.1266
36.75 0.1242
37 0.1138
37.25 0.1033
37.5 0.0992
37.75 0.0953
38 0.1007
38.25 0.0942
38.5 0.0925
38.75 0.0908
39 0.0766
39.25 0.0624
39.5 0.0604
39.75 0.0561
40 0.0571
40.25 0.0496
40.5 0.0487
40.75 0.0478
41 0.0372
41.25 0.0267
41.5 0.0195
41.75 0.0189
42 0.024
42.25 0.0198
42.5 0.0195
42.75 0.0191
43 0.0107
43.25 0.0023
43.5 0.0014
43.75 0.0021
44 0.0088
44.25 0.0099
44.5 0.0097
44.75 0.0096
45 0.0061
45.25 0.0026
45.5 0.0028
45.75 0.0063
46 0.0176
46.25 0.0198
46.5 0.0171
46.75 0.0143
47 0.0144
47.25 0.0145
47.5 0.0132
47.75 0.0203
48 0.0284
48.25 0.0347
48.5 0.0317
48.75 0.0287
49 0.0324
49.25 0.036
49.5 0.0354
49.75 0.0406
50 0.0548
50.25 0.0546
50.5 0.0583
50.75 0.0621
51 0.0587
51.25 0.0553
51.5 0.059
51.75 0.0615
52 0.07
52.25 0.0694
52.5 0.0729
52.75 0.0765
53 0.073
53.25 0.0695
53.5 0.068
53.75 0.0724
54 0.0809
54.25 0.0794
54.5 0.0779
54.75 0.0765
55 0.0743
55.25 0.0721
55.5 0.0707
55.75 0.0716
56 0.0809
56.25 0.0794
56.5 0.0755
56.75 0.0717
57 0.0695
57.25 0.0673
57.5 0.0645
57.75 0.0662
58 0.0744
58.25 0.0694
58.5 0.0706
58.75 0.0717
59 0.0683
59.25 0.065
59.5 0.0617
59.75 0.0643
60 0.0707
60.25 0.0696
60.5 0.0684
60.75 0.0673
61 0.0661
61.25 0.065
61.5 0.0611
61.75 0.0612
62 0.061
62.25 0.0608
62.5 0.0607
62.75 0.0605
63 0.0603
63.25 0.0602
63.5 0.065
63.75 0.0617
64 0.0643
-9999 -9999
34300 0.6
0 0
0.25 0
0.5 0
0.75 0
1 0
1.25 0
1.5 0.0015
1.75 0.0031
2 0.0046
2.25 0.0047
2.5 0.0092
2.75 0.0095
3 0.0139
3.25 0.0135
3.5 0.0197
3.75 0.026
4 0.0323
4.25 0.0374
4.5 0.0506
4.75 0.0555
5 0.0693
5.25 0.0711
5.5 0.0873
5.75 0.1036
6 0.1199
6.25 0.1357
6.5 0.1703
6.75 0.1808
7 0.2031
7.25 0.2104
7.5 0.2386
7.75 0.2668
8 0.295
8.25 0.3181
8.5 0.3635
8.75 0.3807
9 0.4048
9.25 0.4178
9.5 0.4522
9.75 0.4865
10 0.5209
10.25 0.5426
10.5 0.589
10.75 0.6092
11 0.6309
11.25 0.644
11.5 0.6721
11.75 0.7002
12 0.7283
12.25 0.7437
12.5 0.7869
12.75 0.7981
13 0.817
13.25 0.8259
13.5 0.8425
13.75 0.8592
14 0.8759
14.25 0.8841
14.5 0.9065
14.75 0.9108
15 0.9216
15.25 0.9313
15.5 0.9374
15.75 0.9435
16 0.9496
16.25 0.9542
16.5 0.9709
16.75 0.9727
17 0.9785
17.25 0.9804
17.5 0.9824
17.75 0.9845
18 0.9865
18.25 0.9917
18.5 0.9939
18.75 0.9996
19 1
19.25 0.9965
19.5 0.9931
19.75 0.9898
20 0.9865
20.25 0.987
20.5 0.9755
20.75 0.9743
21 0.9661
21.25 0.9564
21.5 0.9434
21.75 0.9304
22 0.9174
22.25 0.9028
22.5 0.8835
22.75 0.8712
23 0.8568
23.25 0.8499
23.5 0.8263
23.75 0.8027
24 0.7791
24.25 0.7625
24.5 0.7316
24.75 0.7189
25 0.6999
25.25 0.7049
25.5 0.6774
25.75 0.6499
26 0.6223
26.25 0.5987
26.5 0.5706
26.75 0.557
27 0.5415
27.25 0.5452
27.5 0.5202
27.75 0.4952
28 0.4702
28.25 0.4537
28.5 0.4371
28.75 0.4237
29 0.4107
29.25 0.415
29.5 0.3965
29.75 0.378
30 0.3596
30.25 0.3461
30.5 0.3313
30.75 0.3222
31 0.3123
31.25 0.3157
31.5 0.3011
31.75 0.2865
32 0.272
32.25 0.2619
32.5 0.2485
32.75 0.2428
33 0.2338
33.25 0.2372
33.5 0.2258
33.75 0.2143
34 0.2028
34.25 0.1918
34.5 0.1841
34.75 0.1793
35 0.1754
35.25 0.1756
35.5 0.1678
35.75 0.1599
36 0.1521
36.25 0.145
36.5 0.1334
36.75 0.1333
37 0.1277
37.25 0.1276
37.5 0.1188
37.75 0.1101
38 0.1014
38.25 0.0982
38.5 0.092
38.75 0.0905
39 0.0816
39.25 0.0809
39.5 0.0723
39.75 0.0638
40 0.0553
40.25 0.0515
40.5 0.046
40.75 0.0429
41 0.04
41.25 0.0376
41.5 0.0328
41.75 0.0279
42 0.023
42.25 0.0187
42.5 0.0138
42.75 0.0143
43 0.0108
43.25 0.0106
43.5 0.0101
43.75 0.0097
44 0.0092
44.25 0.0047
44.5 0.0046
44.75 0.0032
45 0.0046
45.25 0.0044
45.5 0.0045
45.75 0.0045
46 0.0046
46.25 0.0047
46.5 0.0046
46.75 0.0048
47 0.0061
47.25 0.0067
47.5 0.006
47.75 0.0053
48 0.0046
48.25 0.0094
48.5 0.0092
48.75 0.0079
49 0.0108
49.25 0.0079
49.5 0.0083
49.75 0.0088
50 0.0092
50.25 0.0094
50.5 0.0092
50.75 0.0095
51 0.0108
51.25 0.0112
51.5 0.0121
51.75 0.013
52 0.0138
52.25 0.0187
52.5 0.0184
52.75 0.0222
53 0.0231
53.25 0.0218
53.5 0.0253
53.75 0.0288
54 0.0323
54.25 0.0327
54.5 0.0368
54.75 0.0381
55 0.0415
55.25 0.041
55.5 0.0442
55.75 0.0475
56 0.0507
56.25 0.0515
56.5 0.0552
56.75 0.0571
57 0.06
57.25 0.0582
57.5 0.0588
57.75 0.0594
58 0.0599
58.25 0.0608
58.5 0.0644
58.75 0.0619
59 0.0615
59.25 0.062
59.5 0.0617
59.75 0.0614
60 0.0611
60.25 0.0608
60.5 0.0598
60.75 0.0621
61 0.0615
61.25 0.0611
61.5 0.0611
61.75 0.061
62 0.0609
62.25 0.0608
62.5 0.0598
62.75 0.0573
63 0.0615
63.25 0.0683
63.5 0.065
63.75 0.0617
64 0.0643
