-9999 -9999
100000 1
0 0
0.25 0
0.5 0
0.75 0
1 0
1.25 0
1.5 0
1.75 0
2 0
2.25 0
2.5 0
2.75 0
3 0
3.25 0
3.5 -0
3.75 0.00826258
4 0.0102816
4.25 0.0136444
4.5 0.0122229
4.75 0.0135628
5 0.02245
5.25 0.0301664
5.5 0.0357848
5.75 0.0663518
6 0.0706697
6.25 0.0999925
6.5 0.138086
6.75 0.220685
7 0.378929
7.25 0.488388
7.5 0.588958
7.75 0.71695
8 0.7793
8.25 0.888904
8.5 0.952839
8.75 1
9 0.981218
9.25 0.91643
9.5 0.867895
9.75 0.77504
10 0.725991
10.25 0.611131
10.5 0.553841
10.75 0.467581
11 0.396982
11.25 0.387295
11.5 0.36483
11.75 0.356797
12 0.345873
12.25 0.339431
12.5 0.277669
12.75 0.202903
13 0.12356
13.25 0.109505
13.5 0.091542
13.75 0.101205
14 0.102814
14.25 0.12152
14.5 0.141061
14.75 0.165551
15 0.151817
15.25 0.125988
15.5 0.0997508
15.75 0.0779696
16 0.0870255
16.25 0.0840648
16.5 0.0737692
16.75 0.0595521
17 0.0754569
17.25 0.0880227
17.5 0.091542
17.75 0.101205
18 0.0995944
18.25 0.0922323
18.5 0.0868407
18.75 0.0734624
19 0.0502664
19.25 0.0517848
19.5 0.044599
19.75 0.0547339
20 0.0599979
20.25 0.0791058
20.5 0.0702642
20.75 0.068096
21 0.0653013
21.25 0.0681884
21.5 0.0536722
21.75 0.0547339
22 0.055214
22.25 0.0457331
22.5 0.0406265
22.75 0.042156
23 0.0488017
23.25 0.0541851
23.5 0.0452144
23.75 0.0547339
24 0.0578812
24.25 0.0631781
24.5 0.0509848
24.75 0.0317851
25 0.0344868
25.25 0.0250313
25.5 0.0248755
25.75 0.0314982
26 0.0310001
26.25 0.0261304
26.5 0.0226456
26.75 0.0442893
27 0.0386461
27.25 0.0318273
27.5 0.0248755
27.75 0.0314982
28 0.0274485
28.25 0.0261304
28.5 0.0216246
28.75 0.022522
29 0.0306998
29.25 0.0261814
29.5 0.0312482
29.75 0.0314982
30 0.031682
30.25 0.0214046
30.5 0.0330612
30.75 0.0326521
31 0.0217053
31.25 0.0221149
31.5 0.0110168
31.75 0.00826258
32 0.0182847
32.25 0.0214046
32.5 0.0252056
32.75 0.0293605
33 0.0303275
33.25 0.0312892
33.5 0.0279324
33.75 0.0198804
34 0.0305945
34.25 0.0179628
34.5 0.0181901
34.75 0.0120247
35 0.016826
35.25 0.0173079
35.5 0.0230393
35.75 0.0198804
36 0.0243025
36.25 0.0345311
36.5 0.0226354
36.75 0.0198663
37 0.0152925
37.25 0.0185546
37.5 0.0118811
37.75 0.00826258
38 0.0204746
38.25 0.0136444
38.5 0.0126236
38.75 0.0199402
39 0.0220777
39.25 0.0164754
