-9999 -9999
1e+06 1
0 0
0.25 0
0.5 0
0.75 0
1 0
1.25 0
1.5 0
1.75 0
2 0
2.25 0
2.5 0
2.75 0
3 0
3.25 0
3.5 0
3.75 0
4 0
4.25 0
4.5 0
4.75 0
5 0
5.25 0
5.5 0
5.75 0
6 0
6.25 0
6.5 0
6.75 0
7 0
7.25 0
7.5 0
7.75 0
8 0
8.25 0
8.5 0.0178974
8.75 0.0162598
9 0.0139518
9.25 0.00916047
9.5 0.0062359
9.75 0.030894
10 0.0124228
10.25 0.0144303
10.5 0.0155518
10.75 0.0123646
11 0.0123576
11.25 0.0123576
11.5 0.0123576
11.75 0.00617883
12 0.0104415
12.25 0.0163126
12.5 0.0151275
12.75 0.0123576
13 0.0137535
13.25 0.015553
13.5 0.015404
13.75 0.0123576
14 0.0142738
14.25 0.010285
14.5 0.0123576
14.75 0.0123576
15 0.0137944
15.25 0.0187502
15.5 0.0245865
15.75 0.0185364
16 0.0356636
16.25 0.0377297
16.5 0.0357894
16.75 0.0554339
17 0.0635531
17.25 0.0730858
17.5 0.107041
17.75 0.117397
18 0.164837
18.25 0.198017
18.5 0.243257
18.75 0.296803
19 0.35063
19.25 0.447046
19.5 0.546774
19.75 0.6117
20 0.709906
20.25 0.772904
20.5 0.842652
20.75 0.925994
21 0.954938
21.25 1
21.5 0.998648
21.75 0.994785
22 0.938781
22.25 0.891135
22.5 0.837537
22.75 0.766045
23 0.724644
23.25 0.661203
23.5 0.623078
23.75 0.586985
24 0.581189
24.25 0.577866
24.5 0.558076
24.75 0.534498
25 0.518682
25.25 0.472624
25.5 0.433725
25.75 0.426337
26 0.381889
26.25 0.361188
26.5 0.356997
26.75 0.340698
27 0.337228
27.25 0.335184
27.5 0.320779
27.75 0.308939
28 0.286033
28.25 0.269748
28.5 0.264343
28.75 0.238139
29 0.227464
29.25 0.210528
29.5 0.207774
29.75 0.191542
30 0.192183
30.25 0.192627
30.5 0.190854
30.75 0.178683
31 0.171903
31.25 0.152995
31.5 0.143641
31.75 0.129754
32 0.125654
32.25 0.126683
32.5 0.107358
32.75 0.117156
33 0.125013
33.25 0.124226
33.5 0.122287
33.75 0.117397
34 0.11013
34.25 0.110673
34.5 0.0958537
34.75 0.0734618
35 0.0825519
35.25 0.0794802
35.5 0.0703833
35.75 0.0741456
36 0.0806721
36.25 0.0842791
36.5 0.0922354
36.75 0.0876226
37 0.0782825
37.25 0.0794802
37.5 0.0673079
37.75 0.0741456
38 0.0651219
38.25 0.0570412
38.5 0.0596454
38.75 0.0578881
39 0.0576947
39.25 0.076283
39.5 0.0703688
39.75 0.0556091
40 0.0553588
40.25 0.0585428
40.5 0.0485659
40.75 0.0498825
41 0.0519885
41.25 0.0571018
41.5 0.0398182
41.75 0.0494304
42 0.0476423
42.25 0.048941
42.5 0.0481417
42.75 0.0420921
43 0.0519885
43.25 0.0443203
43.5 0.0368009
43.75 0.0494304
44 0.0436928
44.25 0.0452094
44.5 0.0449475
44.75 0.0461955
45 0.0385959
45.25 0.0475175
45.5 0.0459399
45.75 0.0432516
46 0.039587
46.25 0.0358474
46.5 0.0362137
46.75 0.0298028
47 0.0297449
47.25 0.0379296
47.5 0.0398473
47.75 0.0247153
48 0.0220814
48.25 0.0356241
48.5 0.0294011
48.75 0.0357427
49 0.036033
49.25 0.0315353
49.5 0.0245575
49.75 0.0370728
50 0.0301107
50.25 0.0294061
50.5 0.0310982
50.75 0.0283478
51 0.029844
51.25 0.0315353
51.5 0.024572
51.75 0.0247153
52 0.0299152
52.25 0.0258814
52.5 0.0270555
52.75 0.0225952
53 0.0254372
53.25 0.0283381
53.5 0.0215112
53.75 0.0185364
54 0.0259137
54.25 0.0277472
54.5 0.0242856
54.75 0.0183045
55 0.0225463
55.25 0.018752
55.5 0.0184648
55.75 0.0185364
56 0.0240368
56.25 0.0221333
56.5 0.0151275
56.75 0.0277581
57 0.0196528
57.25 0.0219456
57.5 0.024572
57.75 0.0247153
58 0.0183144
58.25 0.0179715
58.5 0.0183216
58.75 0.0182905
59 0.021346
59.25 0.0187502
59.5 0.015404
59.75 0.0247153
60 0.0201913
60.25 0.0242059
60.5 0.0274798
60.75 0.0264974
61 0.0254755
61.25 0.0219456
61.5 0.0184648
61.75 0.0185364
62 0.0220814
62.25 0.0181784
62.5 0.0155518
62.75 0.016454
63 0.015132
63.25 0.0187502
63.5 0.0245865
63.75 0.0123576
64 0.0240888
