-9999 -9999
14000 1
0 0
0.25 0
0.5 0
0.75 0
1 0
1.25 0
1.5 0
1.75 0
2 0.0840966
2.25 0.0635592
2.5 0.0617943
2.75 0.0600295
3 0.0887341
3.25 0.0901864
3.5 0.0916386
3.75 0.107924
4 0.123516
4.25 0.125257
4.5 0.13699
4.75 0.148723
5 0.155464
5.25 0.179688
5.5 0.203913
5.75 0.222469
6 0.252527
6.25 0.281247
6.5 0.320709
6.75 0.36017
7 0.401221
7.25 0.43694
7.5 0.472659
7.75 0.521617
8 0.60038
8.25 0.599602
8.5 0.645231
8.75 0.69086
9 0.737416
9.25 0.772936
9.5 0.808455
9.75 0.845665
10 0.898059
10.25 0.907655
10.5 0.939873
10.75 0.972091
11 0.977877
11.25 0.988939
11.5 1
11.75 0.999388
12 0.993385
12.25 0.999604
12.5 0.991699
12.75 0.983795
13 0.97183
13.25 0.95199
13.5 0.93215
13.75 0.912732
14 0.869869
14.25 0.868578
14.5 0.836233
14.75 0.803888
15 0.791684
15.25 0.770201
15.5 0.748719
15.75 0.723979
16 0.690447
16.25 0.682448
16.5 0.659973
16.75 0.637498
17 0.626617
17.25 0.615615
17.5 0.604614
17.75 0.581544
18 0.566693
18.25 0.55649
18.5 0.542164
18.75 0.527838
19 0.509944
19.25 0.496437
19.5 0.482929
19.75 0.47414
20 0.459902
20.25 0.4477
20.5 0.43127
20.75 0.41484
21 0.396353
21.25 0.387297
21.5 0.378241
21.75 0.381838
22 0.359319
22.25 0.358587
22.5 0.344939
22.75 0.331291
23 0.318262
23.25 0.313751
23.5 0.30924
23.75 0.304976
24 0.303175
24.25 0.296943
24.5 0.2915
24.75 0.286056
25 0.269031
25.25 0.267849
25.5 0.266666
25.75 0.257498
26 0.252527
26.25 0.248324
26.5 0.241346
26.75 0.234367
27 0.230141
27.25 0.228199
27.5 0.226256
27.75 0.228114
28 0.23007
28.25 0.219603
28.5 0.215171
28.75 0.210739
29 0.210214
29.25 0.205882
29.5 0.20155
29.75 0.214169
30 0.202117
30.25 0.209029
30.5 0.204047
30.75 0.199065
31 0.187694
31.25 0.18652
31.5 0.185346
31.75 0.184786
32 0.173926
32.25 0.177744
32.5 0.173538
32.75 0.169333
33 0.167493
33.25 0.163842
33.5 0.160192
33.75 0.151252
34 0.151469
34.25 0.148857
34.5 0.147176
34.75 0.145496
35 0.143878
35.25 0.142543
35.5 0.141209
35.75 0.133158
36 0.134744
36.25 0.131742
36.5 0.126485
36.75 0.121228
37 0.113445
37.25 0.107546
37.5 0.101648
37.75 0.0996243
38 0.0898296
38.25 0.0806732
38.5 0.0756006
38.75 0.070528
39 0.0594212
39.25 0.0514077
39.5 0.0433943
39.75 0.0310617
40 0.0281904
40.25 0.0243167
40.5 0.0220392
40.75 0.0197616
41 0.0298684
41.25 0.0278989
41.5 0.0259295
41.75 0.0114723
42 -0
42.25 0.0204476
42.5 0.018703
42.75 0.0169584
43 0.0298684
43.25 0.0326187
43.5 0.0353689
43.75 0.026912
44 0.0449148
44.25 0.0426295
44.5 0.0529432
44.75 0.0632569
45 0.0718534
45.25 0.0766511
45.5 0.0814488
45.75 0.0939793
46 0.0955627
46.25 0.102855
46.5 0.107465
46.75 0.112075
47 0.114993
47.25 0.115669
47.5 0.116345
47.75 0.113569
48 0.117783
48.25 0.118717
48.5 0.118712
48.75 0.118707
49 0.113445
49.25 0.113996
49.5 0.114548
49.75 0.109419
50 0.106554
50.25 0.098986
50.5 0.101646
50.75 0.104306
51 0.107104
51.25 0.106853
51.5 0.106603
51.75 0.103774
52 0.106554
52.25 0.098986
52.5 0.104059
52.75 0.109131
53 0.108627
53.25 0.109334
53.5 0.11004
53.75 0.113569
54 0.106554
54.25 0.116047
54.5 0.114894
54.75 0.113741
55 0.112315
55.25 0.110279
55.5 0.108243
55.75 0.103774
56 0.101058
56.25 0.104273
56.5 0.101947
56.75 0.0996216
57 0.105974
57.25 0.103671
57.5 0.101369
57.75 0.103774
58 0.101058
58.25 0.098986
58.5 0.100315
58.75 0.101644
59 0.104118
59.25 0.102743
59.5 0.101369
59.75 0.0996243
60 0.101058
60.25 0.098986
60.5 0.0979022
60.75 0.0968184
61 0.0995844
61.25 0.0980048
61.5 0.0964251
61.75 0.0996243
62 0.101058
62.25 0.098986
62.5 0.0993038
62.75 0.0996216
63 0.0984546
63.25 0.0990131
63.5 0.0995716
63.75 0.0996243
64 0.101058
-9999 -9999
17300 1
0 0.0291127
0.25 0.0311665
0.5 0.0332203
0.75 0.0311309
1 0.0282684
1.25 -0
1.5 0.0408903
1.75 0.043044
2 0.0451977
2.25 0.0531826
2.5 0.0611676
2.75 0.0405088
3 0.0518702
3.25 0.0508475
3.5 0.0806853
3.75 0.115218
4 0.149751
4.25 0.171335
4.5 0.192919
4.75 0.134288
5 0.161846
5.25 0.146893
5.5 0.237032
5.75 0.297944
6 0.358857
6.25 0.391669
6.5 0.424481
6.75 0.349979
7 0.396504
7.25 0.384181
7.5 0.492451
7.75 0.552324
8 0.612197
8.25 0.636117
8.5 0.660036
8.75 0.650072
9 0.691662
9.25 0.734463
9.5 0.745064
9.75 0.769109
10 0.793154
10.25 0.804448
10.5 0.815742
10.75 0.893897
11 0.91683
11.25 1
11.5 0.893019
11.75 0.881289
12 0.869558
12.25 0.874589
12.5 0.879621
12.75 0.992364
13 0.966
13.25 0.955229
13.5 0.944459
13.75 0.927115
14 0.909771
14.25 0.910666
14.5 0.91156
14.75 0.982986
15 0.967938
15.25 0.920905
15.5 0.932314
15.75 0.921042
16 0.909771
16.25 0.902681
16.5 0.89559
16.75 0.870452
17 0.834136
17.25 0.740113
17.5 0.823376
17.75 0.810276
18 0.797175
18.25 0.776515
18.5 0.755854
18.75 0.664138
19 0.626713
19.25 0.564972
19.5 0.624732
19.75 0.614443
20 0.604154
20.25 0.586182
20.5 0.568209
20.75 0.471892
21 0.453964
21.25 0.423728
21.5 0.455713
21.75 0.449508
22 0.443303
22.25 0.433892
22.5 0.424481
22.75 0.368734
23 0.355653
23.25 0.333334
23.5 0.349277
23.75 0.346024
24 0.342772
24.25 0.331724
24.5 0.320677
24.75 0.293712
25 0.272911
25.25 0.259887
25.5 0.272242
25.75 0.267295
26 0.262347
26.25 0.25558
26.5 0.248813
26.75 0.228066
27 0.21681
27.25 0.220339
27.5 0.212438
27.75 0.205222
28 0.198006
28.25 0.197459
28.5 0.196911
28.75 0.190555
29 0.189032
29.25 0.18644
29.5 0.176201
29.75 0.171018
30 0.165835
30.25 0.161411
30.5 0.156987
30.75 0.167111
31 0.157942
31.25 0.158193
31.5 0.150356
31.75 0.146032
32 0.141708
32.25 0.13737
32.5 0.133032
32.75 0.134288
33 0.127396
33.25 0.135593
33.5 0.122482
33.75 0.118021
34 0.113559
34.25 0.109322
34.5 0.105085
34.75 0.115532
35 0.113507
35.25 0.112994
35.5 0.0968874
35.75 0.085117
36 0.0733466
36.25 0.0692533
36.5 0.06516
36.75 0.0780203
37 0.0665753
37.25 0.0677966
37.5 0.0497554
37.75 0.039434
38 0.0291127
38.25 0.0231816
38.5 0.0172505
38.75 0.0170641
39 0.0149235
39.25 0.0112994
39.5 0.010738
39.75 0.0118828
40 0.0130276
40.25 0.0131428
40.5 0.0132581
40.75 0.00768618
41 0.00743492
41.25 -0
41.5 0.010738
41.75 0.0118828
42 0.0130276
42.25 0.0131428
42.5 0.0132581
42.75 0.00768618
43 0.00743492
43.25 -0
43.5 0.010738
43.75 0.0138934
44 0.0170489
44.25 0.019146
44.5 0.021243
44.75 0.00768618
45 0.00993115
45.25 0.0169491
45.5 0.017074
45.75 0.0170615
46 0.0170489
46.25 0.019146
46.5 0.021243
46.75 0.026442
47 0.0338049
47.25 0.0508475
47.5 0.0241608
47.75 0.0226154
48 0.0210701
48.25 0.0211566
48.5 0.021243
48.75 0.0498867
49 0.0526863
49.25 0.0734463
49.5 0.0520343
49.75 0.0506266
50 0.049219
50.25 0.0551933
50.5 0.0611676
50.75 0.0780203
51 0.0804643
51.25 0.0734463
51.5 0.0776289
51.75 0.0774984
52 0.0773679
52.25 0.0772526
52.5 0.0771374
52.75 0.0780203
53 0.0804643
53.25 0.0677966
53.5 0.0750998
53.75 0.0762338
54 0.0773679
54.25 0.0752564
54.5 0.0731449
54.75 0.0639535
55 0.0640791
55.25 0.0677966
55.5 0.0624276
55.75 0.0638659
56 0.0653041
56.25 0.065232
56.5 0.06516
56.75 0.0686424
57 0.0663033
57.25 0.0677966
57.5 0.0667351
57.75 0.0660196
58 0.0653041
58.25 0.065232
58.5 0.06516
58.75 0.0686424
59 0.0663033
59.25 0.0621469
59.5 0.0687637
59.75 0.0690446
60 0.0693254
60.25 0.0672427
60.5 0.06516
60.75 0.0592646
61 0.0593588
61.25 0.0621469
61.5 0.0621774
61.75 0.0637408
62 0.0653041
62.25 0.065232
62.5 0.06516
62.75 0.0592646
63 0.0593588
63.25 0.0621469
63.5 0.0601488
63.75 0.0607158
64 0.0612828
-9999 -9999
21600 0.89
0 0.0510476
0.25 0.0402299
0.5 0.034329
0.75 0.0284282
1 0.0170768
1.25 0.037631
1.5 0.0417312
1.75 0.0320019
2 0.0305877
2.25 0.0344828
2.5 0.0402299
2.75 0.045977
3 0.045977
3.25 0.0751881
3.5 0.0756975
3.75 0.079111
4 0.0613664
4.25 0.0689656
4.5 0.107924
4.75 0.146883
5 0.151944
5.25 0.221243
5.5 0.237037
5.75 0.239117
6 0.243384
6.25 0.264368
6.5 0.313113
6.75 0.361857
7 0.359063
7.25 0.471623
7.5 0.496031
7.75 0.496855
8 0.510074
8.25 0.563219
8.5 0.598542
8.75 0.633865
9 0.672148
9.25 0.713657
9.5 0.742287
9.75 0.755543
10 0.810195
10.25 0.862069
10.5 0.859842
10.75 0.857614
11 0.908166
11.25 0.868058
11.5 0.886643
11.75 0.91412
12 0.982013
12.25 1
12.5 0.970485
12.75 0.940971
13 0.9756
13.25 0.913961
13.5 0.916364
13.75 0.932945
14 0.943629
14.25 0.925288
14.5 0.91558
14.75 0.905873
15 0.898533
15.25 0.880577
15.5 0.865414
15.75 0.850283
16 0.789676
16.25 0.752874
16.5 0.770146
16.75 0.787418
17 0.734764
17.25 0.747041
17.5 0.725303
17.75 0.68405
18 0.610134
18.25 0.591954
18.5 0.593167
18.75 0.59438
19 0.542097
19.25 0.55091
19.5 0.521505
19.75 0.501465
20 0.461489
20.25 0.448276
20.5 0.435777
20.75 0.423278
21 0.407229
21.25 0.400682
21.5 0.377149
21.75 0.374259
22 0.358893
22.25 0.350575
22.5 0.340861
22.75 0.331147
23 0.325345
23.25 0.317222
23.5 0.309216
23.75 0.298772
24 0.284482
24.25 0.275862
24.5 0.272794
24.75 0.269726
25 0.253095
25.25 0.242108
25.5 0.237037
25.75 0.234361
26 0.230649
26.25 0.224138
26.5 0.216221
26.75 0.208304
27 0.209745
27.25 0.196205
27.5 0.194579
27.75 0.193718
28 0.194741
28.25 0.183908
28.5 0.182944
28.75 0.181981
29 0.180844
29.25 0.171167
29.5 0.169105
29.75 0.164579
30 0.163962
30.25 0.16092
30.5 0.156095
30.75 0.151271
31 0.147127
31.25 0.137783
31.5 0.135139
31.75 0.137911
32 0.138313
32.25 0.143679
32.5 0.134313
32.75 0.124947
33 0.127861
33.25 0.116918
33.5 0.118155
33.75 0.113715
34 0.120329
34.25 0.114943
34.5 0.113364
34.75 0.111785
35 0.108594
35.25 0.096053
35.5 0.0969265
35.75 0.0890916
36 0.092145
36.25 0.0862069
36.5 0.0792536
36.75 0.0723003
37 0.0652438
37.25 0.05015
37.5 0.045977
37.75 0.0443605
38 0.0485715
38.25 0.0344828
38.5 0.0248746
38.75 0.0152665
39 0.0122601
39.25 0.012593
39.5 0.0120108
39.75 0.0098501
40 0.00493883
40.25 -0
40.5 0.0054396
40.75 0.0108792
41 0.00744348
41.25 0.012593
41.5 0.0120108
41.75 0.0098501
42 0.00493883
42.25 -0
42.5 0.0054396
42.75 0.0108792
43 0.00744348
43.25 0.012593
43.5 0.0120108
43.75 0.0098501
44 0.00493883
44.25 -0
44.5 0.0054396
44.75 0.0108792
45 0.0122601
45.25 0.016766
45.5 0.0162566
45.75 0.0238252
46 0.0357175
46.25 0.045977
46.5 0.0393962
46.75 0.0328153
47 0.0507937
47.25 0.037631
47.5 0.0374855
47.75 0.0493039
48 0.0639017
48.25 0.0689656
48.5 0.0640521
48.75 0.0591387
49 0.0652438
49.25 0.054323
49.5 0.0629602
49.75 0.0644681
50 0.0741612
50.25 0.0689656
50.5 0.0728266
50.75 0.0766876
51 0.0796939
51.25 0.0835341
51.5 0.0841892
51.75 0.076733
52 0.0690906
52.25 0.0689656
52.5 0.0728266
52.75 0.0766876
53 0.0700605
53.25 0.0751881
53.5 0.0714517
53.75 0.0726447
54 0.0690906
54.25 0.0689656
54.5 0.0662457
54.75 0.0635259
55 0.0604271
55.25 0.058496
55.5 0.0629602
55.75 0.0640405
56 0.0664961
56.25 0.0632184
56.5 0.0633722
56.75 0.0635259
57 0.0700605
57.25 0.066842
57.5 0.067206
57.75 0.0660846
58 0.0613664
58.25 0.0632184
58.5 0.0655658
58.75 0.0679132
59 0.0604271
59.25 0.066842
59.5 0.0629602
59.75 0.0636129
60 0.0613664
60.25 0.0632184
60.5 0.0633722
60.75 0.0635259
61 0.0604271
61.25 0.058496
61.5 0.0587144
61.75 0.0615688
62 0.0613664
62.25 0.0632184
62.5 0.0611786
62.75 0.0591387
63 0.0604271
63.25 0.062669
63.5 0.0587144
63.75 0.0615688
64 0.0588311
-9999 -9999
34300 0.6
0 0
0.25 0
0.5 0
0.75 0
1 0
1.25 0
1.5 0
1.75 0
2 0
2.25 0
2.5 0
2.75 0
3 0.0382979
3.25 0.0521277
3.5 0.0659575
3.75 0.0797873
4 0.0936172
4.25 0.107447
4.5 0.121277
4.75 0.135107
5 0.148936
5.25 0.176064
5.5 0.203192
5.75 0.230319
6 0.257447
6.25 0.284574
6.5 0.311702
6.75 0.33883
7 0.365957
7.25 0.399468
7.5 0.432978
7.75 0.466489
8 0.5
8.25 0.53351
8.5 0.567021
8.75 0.600532
9 0.634042
9.25 0.657978
9.5 0.681915
9.75 0.705851
10 0.729787
10.25 0.753723
10.5 0.777659
10.75 0.801595
11 0.825532
11.25 0.835638
11.5 0.845745
11.75 0.855851
12 0.865957
12.25 0.876064
12.5 0.88617
12.75 0.896277
13 0.906383
13.25 0.911702
13.5 0.917022
13.75 0.922341
14 0.92766
14.25 0.932979
14.5 0.938298
14.75 0.943617
15 0.948937
15.25 0.95532
15.5 0.961702
15.75 0.968085
16 0.974468
16.25 0.980851
16.5 0.987234
16.75 0.993617
17 1
17.25 0.99734
17.5 0.994681
17.75 0.992021
18 0.989362
18.25 0.986702
18.5 0.984043
18.75 0.981383
19 0.978724
19.25 0.96383
19.5 0.948937
19.75 0.934043
20 0.919149
20.25 0.904256
20.5 0.889362
20.75 0.874469
21 0.859575
21.25 0.838298
21.5 0.817022
21.75 0.795745
22 0.774468
22.25 0.753192
22.5 0.731915
22.75 0.710638
23 0.689362
23.25 0.667553
23.5 0.645745
23.75 0.623936
24 0.602127
24.25 0.580319
24.5 0.55851
24.75 0.536702
25 0.514893
25.25 0.499468
25.5 0.484042
25.75 0.468617
26 0.453191
26.25 0.437766
26.5 0.42234
26.75 0.406915
27 0.391489
27.25 0.380851
27.5 0.370213
27.75 0.359574
28 0.348936
28.25 0.338298
28.5 0.327659
28.75 0.317021
29 0.306383
29.25 0.295744
29.5 0.285106
29.75 0.274468
30 0.26383
30.25 0.253192
30.5 0.242553
30.75 0.231915
31 0.221277
31.25 0.21383
31.5 0.206383
31.75 0.198937
32 0.19149
32.25 0.184043
32.5 0.176596
32.75 0.169149
33 0.161703
33.25 0.157979
33.5 0.154256
33.75 0.150532
34 0.146809
34.25 0.143086
34.5 0.139362
34.75 0.135639
35 0.131915
35.25 0.125532
35.5 0.119149
35.75 0.112766
36 0.106383
36.25 0.1
36.5 0.0936171
36.75 0.0872341
37 0.080851
37.25 0.0744681
37.5 0.0680851
37.75 0.0617021
38 0.0553191
38.25 0.0489362
38.5 0.0425532
38.75 0.0361702
39 0.0297872
39.25 0.0260638
39.5 0.0223404
39.75 0.018617
40 0.0148936
40.25 0.0111702
40.5 0.00744681
40.75 0.0037234
41 -0
41.25 -0
41.5 -0
41.75 -0
42 -0
42.25 -0
42.5 -0
42.75 -0
43 -0
43.25 0.00106383
43.5 0.00212767
43.75 0.0031915
44 0.00425533
44.25 0.00531917
44.5 0.006383
44.75 0.00744683
45 0.00851066
45.25 0.00851066
45.5 0.00851066
45.75 0.00851066
46 0.00851066
46.25 0.00851066
46.5 0.00851066
46.75 0.00851066
47 0.00851066
47.25 0.00797875
47.5 0.00744683
47.75 0.00691491
48 0.006383
48.25 0.00585108
48.5 0.00531917
48.75 0.00478725
49 0.00425533
49.25 0.00531917
49.5 0.006383
49.75 0.00744683
50 0.00851066
50.25 0.0095745
50.5 0.0106383
50.75 0.0117022
51 0.012766
51.25 0.0164894
51.5 0.0202128
51.75 0.0239362
52 0.0276596
52.25 0.031383
52.5 0.0351064
52.75 0.0388298
53 0.0425532
53.25 0.0446809
53.5 0.0468085
53.75 0.0489362
54 0.0510638
54.25 0.0531915
54.5 0.0553191
54.75 0.0574468
55 0.0595745
55.25 0.0601064
55.5 0.0606383
55.75 0.0611702
56 0.0617021
56.25 0.062234
56.5 0.062766
56.75 0.0632979
57 0.0638298
57.25 0.062766
57.5 0.0617021
57.75 0.0606383
58 0.0595745
58.25 0.0585106
58.5 0.0574468
58.75 0.056383
59 0.0553191
59.25 0.0553191
59.5 0.0553191
59.75 0.0553191
60 0.0553191
60.25 0.0553191
60.5 0.0553191
60.75 0.0553191
61 0.0553191
61.25 0.0569149
61.5 0.0585106
61.75 0.0601064
62 0.0617021
62.25 0.0632979
62.5 0.0648936
62.75 0.0664894
63 0.0680851
63.25 0.0670213
63.5 0.0659575
63.75 0.0648936
64 0.0638298
