-9999 -9999
100000 1
0 0
0.25 0
0.5 0
0.75 0
1 0
1.25 0
1.5 0
1.75 0
2 0
2.25 0
2.5 0
2.75 0
3 0
3.25 0
3.5 0
3.75 0
4 0
4.25 0
4.5 0
4.75 0
5 0
5.25 0
5.5 0
5.75 0
6 0
6.25 0
6.5 0
6.75 0
7 0
7.25 0
7.5 0
7.75 0
8 0
8.25 0
8.5 0
8.75 0
9 0
9.25 0
9.5 0
9.75 0
10 0
10.25 0
10.5 0
10.75 0
11 0
11.25 0
11.5 0
11.75 0
12 0
12.25 0
12.5 0
12.75 0
13 0
13.25 0
13.5 0
13.75 0
14 0
14.25 0
14.5 0
14.75 0
15 0
15.25 0
15.5 0
15.75 0
16 0
16.25 0
16.5 -0
16.75 0.0114666
17 0.00433095
17.25 0.0229059
17.5 0.0134641
17.75 0.00805578
18 0.00606157
18.25 0.0157715
18.5 0.021305
18.75 0.0216931
19 0.012296
19.25 0.0224272
19.5 0.0176278
19.75 0.0331866
20 0.0434989
20.25 0.0369791
20.5 0.0614583
20.75 0.0610008
21 0.0761093
21.25 0.114861
21.5 0.133064
21.75 0.162477
22 0.201817
22.25 0.23614
22.5 0.287672
22.75 0.334053
23 0.421511
23.25 0.474356
23.5 0.57406
23.75 0.651704
24 0.71993
24.25 0.757835
24.5 0.825449
24.75 0.906806
25 0.946467
25.25 0.982753
25.5 1
25.75 0.986124
26 0.946093
26.25 0.935158
26.5 0.866886
26.75 0.827553
27 0.789822
27.25 0.762683
27.5 0.706745
27.75 0.67722
28 0.654472
28.25 0.635698
28.5 0.600893
28.75 0.585339
29 0.559221
29.25 0.530846
29.5 0.49949
29.75 0.48949
30 0.465746
30.25 0.4371
30.5 0.431085
30.75 0.402185
31 0.41011
31.25 0.385402
31.5 0.367838
31.75 0.366215
32 0.358507
32.25 0.320631
32.5 0.311425
32.75 0.305467
33 0.296613
33.25 0.274553
33.5 0.257965
33.75 0.245348
34 0.233318
34.25 0.23729
34.5 0.227799
34.75 0.221352
35 0.204464
35.25 0.206721
35.5 0.194001
35.75 0.165876
36 0.175514
36.25 0.18362
36.5 0.163426
36.75 0.154976
37 0.143414
37.25 0.162983
37.5 0.141392
37.75 0.135154
38 0.130527
38.25 0.130488
38.5 0.135297
38.75 0.115472
39 0.111525
39.25 0.116248
39.5 0.108362
39.75 0.11047
40 0.108334
40.25 0.100621
40.5 0.101951
40.75 0.0895694
41 0.0761329
41.25 0.0695646
41.5 0.0666674
41.75 0.0819501
42 0.0844011
42.25 0.0824395
42.5 0.0866872
42.75 0.076563
43 0.104177
43.25 0.0922481
43.5 0.0767823
43.75 0.0703353
44 0.0771785
44.25 0.0723887
44.5 0.0656553
44.75 0.0621978
45 0.0543976
45.25 0.0684085
45.5 0.0733674
45.75 0.0517621
46 0.0587813
46.25 0.0754149
46.5 0.0684053
46.75 0.0616756
47 0.0468337
47.25 0.0441646
47.5 0.05164
47.75 0.0439148
48 0.0454908
48.25 0.0412822
48.5 0.0454811
48.75 0.0352517
49 0.0478196
49.25 0.0575638
49.5 0.0402855
49.75 0.0379894
50 0.0416381
50.25 0.0342476
50.5 0.0377339
50.75 0.033466
51 0.03308
51.25 0.0286066
51.5 0.0367674
51.75 0.037997
52 0.051621
52.25 0.054334
52.5 0.0569741
52.75 0.0554103
53 0.0626086
53.25 0.0427029
53.5 0.0320612
53.75 0.034216
54 0.0320795
54.25 0.0445778
54.5 0.0218476
54.75 0.0293185
55 0.0361897
55.25 0.039436
55.5 0.0582885
55.75 0.0302789
56 0.0343671
56.25 0.0286805
56.5 0.0354578
56.75 0.0345003
57 0.0128461
57.25 0.0232377
57.5 0.0284915
57.75 0.0283873
58 0.0249635
58.25 0.0325494
58.5 0.0313893
58.75 0.0236196
59 0.0527044
59.25 0.0346159
59.5 0.0175763
59.75 0.0312777
60 0.0279288
60.25 0.0297389
60.5 0.0293356
60.75 0.0281332
61 0.0241718
61.25 0.0244839
61.5 0.0211975
61.75 0.0216266
62 0.02272
62.25 0.0196531
62.5 0.0250618
62.75 0.0292628
63 0.0406213
63.25 0.0225269
63.5 0.0247671
63.75 0.0233395
64 0.0277549
