-9999 -9999
15000 1
0 0
0.25 0
0.5 0.0073
0.75 0.0064
1 0.0052
1.25 0.0049
1.5 0.0076
1.75 0.0124
2 0
2.25 0.0112
2.5 0.0369
2.75 0.0255
3 0.0316
3.25 0.0328
3.5 0.0419
3.75 0.0697
4 0.0598
4.25 0.0729
4.5 0.1174
4.75 0.1336
5 0.1463
5.25 0.1336
5.5 0.1672
5.75 0.2032
6 0.2598
6.25 0.2532
6.5 0.3162
6.75 0.3119
7 0.3537
7.25 0.3676
7.5 0.4225
7.75 0.4716
8 0.4796
8.25 0.5562
8.5 0.6168
8.75 0.6446
9 0.6866
9.25 0.7059
9.5 0.7515
9.75 0.7973
10 0.8395
10.25 0.8823
10.5 0.9179
10.75 0.931
11 0.9546
11.25 0.962
11.5 0.9767
11.75 0.9889
12 0.9997
12.25 0.9926
12.5 1
12.75 0.9893
13 0.9653
13.25 0.9504
13.5 0.9343
13.75 0.9137
14 0.8797
14.25 0.8347
14.5 0.8012
14.75 0.7838
15 0.7528
15.25 0.7116
15.5 0.6749
15.75 0.6398
16 0.6197
16.25 0.5682
16.5 0.5581
16.75 0.5203
17 0.5059
17.25 0.4811
17.5 0.4553
17.75 0.4298
18 0.4396
18.25 0.4111
18.5 0.4117
18.75 0.3809
19 0.3747
19.25 0.3557
19.5 0.3512
19.75 0.3479
20 0.3398
20.25 0.3262
20.5 0.324
20.75 0.3188
21 0.31
21.25 0.288
21.5 0.2874
21.75 0.2793
22 0.2598
22.25 0.2673
22.5 0.2722
22.75 0.246
23 0.2387
23.25 0.2247
23.5 0.2288
23.75 0.221
24 0.1997
24.25 0.2167
24.5 0.2055
24.75 0.2007
25 0.202
25.25 0.1828
25.5 0.1933
25.75 0.1966
26 0.2198
26.25 0.1803
26.5 0.2055
26.75 0.1714
27 0.1829
27.25 0.1708
27.5 0.1693
27.75 0.1801
28 0.1597
28.25 0.1438
28.5 0.1764
28.75 0.1681
29 0.1589
29.25 0.1522
29.5 0.1678
29.75 0.1746
30 0.1398
30.25 0.1571
30.5 0.1619
30.75 0.1458
31 0.1548
31.25 0.1465
31.5 0.1507
31.75 0.1562
32 0.1398
32.25 0.1326
32.5 0.1766
32.75 0.1389
33 0.1412
33.25 0.1358
33.5 0.14
33.75 0.1397
34 0.1398
34.25 0.1206
34.5 0.1396
34.75 0.116
35 0.1212
35.25 0.118
35.5 0.1092
35.75 0.1097
36 0.0998
36.25 0.1073
36.5 0.1246
36.75 0.0945
37 0.1074
37.25 0.0868
37.5 0.0828
37.75 0.0869
38 0.08
38.25 0.085
38.5 0.0805
38.75 0.0708
39 0.0698
39.25 0.0375
39.5 0.0443
39.75 0.0588
40 0.04
40.25 0.0365
40.5 0.0436
40.75 0.0276
41 0.0275
41.25 0.0058
41.5 0.021
41.75 0.023
42 0.0199
42.25 0.0232
42.5 0.0296
42.75 0.0155
43 0.0232
43.25 0.0163
43.5 0.0353
43.75 0.0455
44 0.0199
44.25 0.0485
44.5 0.0507
44.75 0.0552
45 0.0643
45.25 0.0505
45.5 0.0747
45.75 0.0991
46 0.0598
46.25 0.1082
46.5 0.1238
46.75 0.1114
47 0.1158
47.25 0.1108
47.5 0.1254
47.75 0.1212
48 0.1398
48.25 0.1438
48.5 0.1325
48.75 0.1322
49 0.1306
49.25 0.1173
49.5 0.1167
49.75 0.1333
50 0.0998
50.25 0.1326
50.5 0.1257
50.75 0.1059
51 0.1074
51.25 0.0865
51.5 0.1016
51.75 0.1049
52 0.08
52.25 0.0962
52.5 0.102
52.75 0.106
53 0.1074
53.25 0.0924
53.5 0.0975
53.75 0.1167
54 0.0998
54.25 0.0962
54.5 0.1094
54.75 0.1012
55 0.1042
55.25 0.0937
55.5 0.0935
55.75 0.0979
56 0.0998
56.25 0.0962
56.5 0.1107
56.75 0.1012
57 0.0935
57.25 0.0738
57.5 0.0942
57.75 0.1049
58 0.1197
58.25 0.0962
58.5 0.0956
58.75 0.1014
59 0.0914
59.25 0.0947
59.5 0.0862
59.75 0.0852
60 0.0998
60.25 0.0841
60.5 0.1107
60.75 0.0952
61 0.0925
61.25 0.0807
61.5 0.0925
61.75 0.0991
62 0.0403
62.25 0.0829
62.5 0.1034
62.75 0.0896
63 0.0921
63.25 0.0889
63.5 0.0897
63.75 0.0833
64 0.0805
-9999 -9999
16300 0.945
0 0
0.25 0
0.5 0.0013
0.75 0.0026
1 0.0039
1.25 0.0052
1.5 0.005
1.75 0.0077
2 0.0081
2.25 0.0084
2.5 0.011
2.75 0.0141
3 0.0186
3.25 0.0364
3.5 0.04
3.75 0.0468
4 0.0561
4.25 0.0654
4.5 0.0799
4.75 0.0918
5 0.1159
5.25 0.1456
5.5 0.1448
5.75 0.1689
6 0.2006
6.25 0.2322
6.5 0.2616
6.75 0.2872
7 0.3332
7.25 0.3797
7.5 0.3896
7.75 0.4235
8 0.4751
8.25 0.5267
8.5 0.5725
8.75 0.6097
9 0.6706
9.25 0.7126
9.5 0.7242
9.75 0.7657
10 0.8119
10.25 0.8582
10.5 0.8944
10.75 0.9219
11 0.9549
11.25 0.9623
11.5 0.9739
11.75 0.9855
12 0.9928
12.25 1
12.5 0.9992
12.75 0.9935
13 0.9816
13.25 0.9623
13.5 0.9489
13.75 0.9307
14 0.9001
14.25 0.8696
14.5 0.8362
14.75 0.8098
15 0.772
15.25 0.749
15.5 0.7292
15.75 0.6892
16 0.6509
16.25 0.6126
16.5 0.5806
16.75 0.56
17 0.5306
17.25 0.5202
17.5 0.5044
17.75 0.4742
18 0.4505
18.25 0.4269
18.5 0.4095
18.75 0.3991
19 0.3827
19.25 0.3797
19.5 0.3746
19.75 0.3551
20 0.3414
20.25 0.3276
20.5 0.3169
20.75 0.3094
21 0.2974
21.25 0.3017
21.5 0.2897
21.75 0.2799
22 0.2674
22.25 0.2548
22.5 0.246
22.75 0.2399
23 0.2319
23.25 0.2393
23.5 0.2297
23.75 0.223
24 0.2138
24.25 0.2047
24.5 0.1997
24.75 0.1957
25 0.1906
25.25 0.1977
25.5 0.1948
25.75 0.1893
26 0.1822
26.25 0.1751
26.5 0.1725
26.75 0.169
27 0.1654
27.25 0.1717
27.5 0.1698
27.75 0.1633
28 0.159
28.25 0.1546
28.5 0.1528
28.75 0.1509
29 0.1494
29.25 0.156
29.5 0.1548
29.75 0.1529
30 0.1477
30.25 0.1424
30.5 0.1418
30.75 0.142
31 0.14
31.25 0.1508
31.5 0.1448
31.75 0.1477
32 0.1403
32.25 0.133
32.5 0.1305
32.75 0.1288
33 0.1267
33.25 0.13
33.5 0.1299
33.75 0.127
34 0.1213
34.25 0.1155
34.5 0.1115
34.75 0.1094
35 0.1053
35.25 0.1092
35.5 0.1099
35.75 0.1089
36 0.1006
36.25 0.0923
36.5 0.0892
36.75 0.086
37 0.0813
37.25 0.0884
37.5 0.0849
37.75 0.0804
38 0.0713
38.25 0.0622
38.5 0.0566
38.75 0.0517
39 0.0441
39.25 0.052
39.5 0.0499
39.75 0.0441
40 0.0325
40.25 0.021
40.5 0.017
40.75 0.0145
41 0.0093
41.25 0.0208
41.5 0.02
41.75 0.0156
42 0.0102
42.25 0.0047
42.5 0.0064
42.75 0.0075
43 0.0105
43.25 0.026
43.5 0.03
43.75 0.0287
44 0.0272
44.25 0.0258
44.5 0.0273
44.75 0.0299
45 0.0333
45.25 0.0416
45.5 0.0449
45.75 0.0443
46 0.0416
46.25 0.039
46.5 0.0399
46.75 0.0385
47 0.0374
47.25 0.0468
47.5 0.0449
47.75 0.0416
48 0.0334
48.25 0.0253
48.5 0.019
48.75 0.0155
49 0.0107
49.25 0.0156
49.5 0.015
49.75 0.0129
50 0.0083
50.25 0.0036
50.5 0.002
50.75 0.0023
51 0.0013
51.25 0.0156
51.5 0.015
51.75 0.0129
52 0.0093
52.25 0.0058
52.5 0.0066
52.75 0.0062
53 0.0081
53.25 0.0156
53.5 0.015
53.75 0.0181
54 0.014
54.25 0.0099
54.5 0.0077
54.75 0.0069
55 0.0014
55.25 0.0156
55.5 0.01
55.75 0.0129
56 0.0075
56.25 0.002
56.5 0.001
56.75 0.0004
57 0
57.25 0.0104
57.5 0.005
57.75 0.0129
58 0.0078
58.25 0.0026
58.5 0.0013
58.75 0.002
59 0.0027
59.25 0.0156
59.5 0.015
59.75 0.0156
60 0.0117
60.25 0.0079
60.5 0.0093
60.75 0.0096
61 0.0093
61.25 0.0113
61.5 0.0132
61.75 0.0151
62 0.017
62.25 0.019
62.5 0.0207
62.75 0.0224
63 0.0253
63.25 0.0267
63.5 0.0281
63.75 0.0296
64 0.031
-9999 -9999
17600 0.89
0 0.0052
0.25 0.0052
0.5 0.0052
0.75 0.0052
1 0.0054
1.25 0.0056
1.5 0.0058
1.75 0.006
2 0.0062
2.25 0.0103
2.5 0.0129
2.75 0.017
3 0.0234
3.25 0.0267
3.5 0.0301
3.75 0.0442
4 0.0583
4.25 0.0761
4.5 0.0887
4.75 0.1021
5 0.1221
5.25 0.1389
5.5 0.1557
5.75 0.1876
6 0.2196
6.25 0.2515
6.5 0.2838
6.75 0.3111
7 0.3546
7.25 0.3806
7.5 0.4067
7.75 0.4567
8 0.5067
8.25 0.556
8.5 0.6008
8.75 0.6376
9 0.6869
9.25 0.715
9.5 0.7431
9.75 0.7893
10 0.8356
10.25 0.8741
10.5 0.9049
10.75 0.9284
11 0.9583
11.25 0.9662
11.5 0.9741
11.75 0.9855
12 0.9969
12.25 1
12.5 0.9979
12.75 0.9933
13 0.9817
13.25 0.9653
13.5 0.949
13.75 0.923
14 0.897
14.25 0.8686
14.5 0.8405
14.75 0.815
15 0.7817
15.25 0.7499
15.5 0.718
15.75 0.6847
16 0.6515
16.25 0.6234
16.5 0.5939
16.75 0.5703
17 0.5441
17.25 0.5181
17.5 0.4921
17.75 0.4713
18 0.4506
18.25 0.4357
18.5 0.4163
18.75 0.404
19 0.3883
19.25 0.3724
19.5 0.3565
19.75 0.3458
20 0.3351
20.25 0.3265
20.5 0.3141
20.75 0.3037
21 0.2948
21.25 0.283
21.5 0.2711
21.75 0.2631
22 0.255
22.25 0.2504
22.5 0.24
22.75 0.2344
23 0.2285
23.25 0.2222
23.5 0.2159
23.75 0.2089
24 0.2019
24.25 0.2001
24.5 0.1931
24.75 0.1906
25 0.1857
25.25 0.1807
25.5 0.1757
25.75 0.1732
26 0.1707
26.25 0.171
26.5 0.1642
26.75 0.1633
27 0.1584
27.25 0.157
27.5 0.1557
27.75 0.1528
28 0.1499
28.25 0.1491
28.5 0.1451
28.75 0.1463
29 0.1441
29.25 0.1424
29.5 0.1406
29.75 0.139
30 0.1374
30.25 0.1368
30.5 0.1345
30.75 0.1345
31 0.135
31.25 0.1328
31.5 0.1305
31.75 0.1277
32 0.1249
32.25 0.1265
32.5 0.1228
32.75 0.1213
33 0.1182
33.25 0.1168
33.5 0.1155
33.75 0.1124
34 0.1093
34.25 0.1084
34.5 0.1041
34.75 0.1021
35 0.1013
35.25 0.0984
35.5 0.0954
35.75 0.0904
36 0.0853
36.25 0.0852
36.5 0.0809
36.75 0.0792
37 0.0766
37.25 0.0734
37.5 0.0703
37.75 0.0633
38 0.0562
38.25 0.0535
38.5 0.0466
38.75 0.045
39 0.0377
39.25 0.0339
39.5 0.0301
39.75 0.025
40 0.0198
40.25 0.0161
40.5 0.012
40.75 0.0111
41 0.0078
41.25 0.0064
41.5 0.005
41.75 0.0041
42 0.0031
42.25 0.0058
42.5 0.0046
42.75 0.0067
43 0.0104
43.25 0.0102
43.5 0.01
43.75 0.0144
44 0.0187
44.25 0.0232
44.5 0.024
44.75 0.028
45 0.0286
45.25 0.0294
45.5 0.0301
45.75 0.0317
46 0.0333
46.25 0.0348
46.5 0.0332
46.75 0.0331
47 0.0325
47.25 0.0338
47.5 0.0351
47.75 0.0311
48 0.0271
48.25 0.0213
48.5 0.0149
48.75 0.0122
49 0.0078
49.25 0.0039
49.5 0
49.75 0.0005
50 0.001
50.25 0.0026
50.5 0.0014
50.75 0.003
51 0.0039
51.25 0.002
51.5 0
51.75 0.0026
52 0.0052
52.25 0.0071
52.5 0.0068
52.75 0.0081
53 0.0078
53.25 0.0089
53.5 0.01
53.75 0.0087
54 0.0073
54.25 0.0097
54.5 0.0066
54.75 0.0081
55 0.0052
55.25 0.0051
55.5 0.005
55.75 0.003
56 0.001
56.25 0.0013
56.5 0.0006
56.75 0.0007
57 0
57.25 0
57.5 0
57.75 0.001
58 0.0021
58.25 0.0026
58.5 0.002
58.75 0.0026
59 0.0026
59.25 0.0038
59.5 0.005
59.75 0.0067
60 0.0083
60.25 0.0077
60.5 0.0086
60.75 0.0087
61 0.0104
61.25 0.0102
61.5 0.01
61.75 0.0128
62 0.0156
62.25 0.02
62.5 0.0189
62.75 0.0222
63 0.026
63.25 0.0255
63.5 0.0251
63.75 0.0297
64 0.0344
-9999 -9999
18900 0.835
0 0.0025
0.25 0.0013
0.5 0
0.75 0.0017
1 0.0035
1.25 0.0052
1.5 0.0051
1.75 0.0025
2 0
2.25 0.0051
2.5 0.0095
2.75 0.0122
3 0.0197
3.25 0.0276
3.5 0.0407
3.75 0.0303
4 0.0449
4.25 0.0613
4.5 0.0764
4.75 0.0884
5 0.1117
5.25 0.1331
5.5 0.1575
5.75 0.1513
6 0.1894
6.25 0.2186
6.5 0.2527
6.75 0.2789
7 0.3269
7.25 0.3632
7.5 0.3964
7.75 0.4136
8 0.4585
8.25 0.5087
8.5 0.5574
8.75 0.595
9 0.6526
9.25 0.6987
9.5 0.7267
9.75 0.7515
10 0.7924
10.25 0.8315
10.5 0.8692
10.75 0.8978
11 0.9352
11.25 0.9597
11.5 0.9656
11.75 0.9785
12 0.9867
12.25 0.9958
12.5 1
12.75 0.9983
13 0.9917
13.25 0.9838
13.5 0.9656
13.75 0.9432
14 0.9319
14.25 0.9087
14.5 0.8823
14.75 0.8588
15 0.8247
15.25 0.7901
15.5 0.7674
15.75 0.7162
16 0.7076
16.25 0.6734
16.5 0.6449
16.75 0.6189
17 0.5873
17.25 0.5567
17.5 0.5438
17.75 0.4993
18 0.4834
18.25 0.4646
18.5 0.4474
18.75 0.4304
19 0.4108
19.25 0.3908
19.5 0.3811
19.75 0.3531
20 0.3439
20.25 0.3345
20.5 0.3226
20.75 0.311
21 0.2984
21.25 0.2888
21.5 0.2846
21.75 0.2623
22 0.2542
22.25 0.25
22.5 0.2435
22.75 0.2356
23 0.2279
23.25 0.2213
23.5 0.2236
23.75 0.2068
24 0.1993
24.25 0.1966
24.5 0.1918
24.75 0.1873
25 0.1822
25.25 0.1798
25.5 0.1829
25.75 0.1664
26 0.1645
26.25 0.1618
26.5 0.1593
26.75 0.1555
27 0.1549
27.25 0.1539
27.5 0.1575
27.75 0.1463
28 0.1445
28.25 0.1386
28.5 0.1393
28.75 0.1363
29 0.1359
29.25 0.1383
29.5 0.1423
29.75 0.1311
30 0.1246
30.25 0.1282
30.5 0.1268
30.75 0.1253
31 0.1257
31.25 0.1262
31.5 0.127
31.75 0.121
32 0.1146
32.25 0.1147
32.5 0.115
32.75 0.1131
33 0.1111
33.25 0.109
33.5 0.1169
33.75 0.1009
34 0.0997
34.25 0.0992
34.5 0.0987
34.75 0.0935
35 0.0939
35.25 0.0917
35.5 0.0966
35.75 0.0807
36 0.0797
36.25 0.076
36.5 0.0747
36.75 0.0719
37 0.0673
37.25 0.0657
37.5 0.0661
37.75 0.0555
38 0.0548
38.25 0.047
38.5 0.0439
38.75 0.0377
39 0.033
39.25 0.0311
39.5 0.0305
39.75 0.0202
40 0.0199
40.25 0.0141
40.5 0.0118
40.75 0.0086
41 0.0057
41.25 0.0069
41.5 0.0152
41.75 0
42 0
42.25 0.0032
42.5 0.003
42.75 0.0031
43 0.0051
43.25 0.0069
43.5 0.0152
43.75 0.0101
44 0.015
44.25 0.0155
44.5 0.0172
44.75 0.0177
45 0.0216
45.25 0.026
45.5 0.0305
45.75 0.0252
46 0.0249
46.25 0.0251
46.5 0.0254
46.75 0.0244
47 0.0266
47.25 0.0311
47.5 0.0305
47.75 0.0202
48 0.0249
48.25 0.018
48.5 0.0166
48.75 0.0126
49 0.0101
49.25 0.0069
49.5 0.0152
49.75 0
50 0.005
50.25 0.0013
50.5 0.002
50.75 0.0008
51 0.0031
51.25 0.0052
51.5 0.0152
51.75 0.005
52 0.005
52.25 0.0058
52.5 0.0071
52.75 0.0078
53 0.0063
53.25 0.0087
53.5 0.0203
53.75 0.0101
54 0.01
54.25 0.0071
54.5 0.0074
54.75 0.0055
55 0.0051
55.25 0.0069
55.5 0.0152
55.75 0
56 0.005
56.25 0.0006
56.5 0.001
56.75 0.0004
57 0.0013
57.25 0.0052
57.5 0.0102
57.75 0
58 0
58.25 0.0006
58.5 0.0024
58.75 0.0012
59 0.0044
59.25 0.0087
59.5 0.0152
59.75 0.005
60 0.005
60.25 0.0077
60.5 0.0095
60.75 0.0082
61 0.0114
61.25 0.0122
61.5 0.0111
61.75 0.0101
62 0.0199
62.25 0.0194
62.5 0.0199
62.75 0.0212
63 0.0247
63.25 0.0259
63.5 0.0281
63.75 0.0303
64 0.0299
-9999 -9999
20200 0.78
0 0
0.25 0
0.5 0.0025
0.75 0.005
1 0.0075
1.25 0.005
1.5 0.005
1.75 0.0051
2 0.0074
2.25 0.0077
2.5 0.0125
2.75 0.0141
3 0.0171
3.25 0.0278
3.5 0.0353
3.75 0.0463
4 0.0498
4.25 0.0622
4.5 0.0748
4.75 0.0905
5 0.107
5.25 0.1317
5.5 0.1512
5.75 0.1698
6 0.1843
6.25 0.2149
6.5 0.248
6.75 0.2802
7 0.3172
7.25 0.3602
7.5 0.3944
7.75 0.427
8 0.4508
8.25 0.4997
8.5 0.5496
8.75 0.5918
9 0.6376
9.25 0.6879
9.5 0.7271
9.75 0.7511
10 0.7772
10.25 0.8196
10.5 0.8591
10.75 0.89
11 0.9228
11.25 0.9471
11.5 0.969
11.75 0.9724
12 0.9815
12.25 0.9928
12.5 0.9982
12.75 1
13 0.9965
13.25 0.9905
13.5 0.9804
13.75 0.9621
14 0.9492
14.25 0.9273
14.5 0.9021
14.75 0.8789
15 0.8479
15.25 0.823
15.5 0.7939
15.75 0.7666
16 0.7425
16.25 0.7072
16.5 0.6716
16.75 0.6461
17 0.6113
17.25 0.5868
17.5 0.5582
17.75 0.5402
18 0.5182
18.25 0.4888
18.5 0.4629
18.75 0.4431
19 0.4191
19.25 0.4039
19.5 0.3843
19.75 0.3756
20 0.3563
20.25 0.3395
20.5 0.3261
20.75 0.3123
21 0.2987
21.25 0.2921
21.5 0.2797
21.75 0.2778
22 0.2591
22.25 0.2499
22.5 0.2402
22.75 0.2343
23 0.2246
23.25 0.221
23.5 0.2142
23.75 0.2109
24 0.2043
24.25 0.1953
24.5 0.1876
24.75 0.1838
25 0.1783
25.25 0.1727
25.5 0.1713
25.75 0.1698
26 0.1645
26.25 0.1578
26.5 0.1529
26.75 0.1509
27 0.1472
27.25 0.1473
27.5 0.1423
27.75 0.1441
28 0.137
28.25 0.1339
28.5 0.1312
28.75 0.1293
29 0.1283
29.25 0.132
29.5 0.1285
29.75 0.1338
30 0.1246
30.25 0.122
30.5 0.1183
30.75 0.118
31 0.1158
31.25 0.1168
31.5 0.1159
31.75 0.1235
32 0.1171
32.25 0.1092
32.5 0.1053
32.75 0.1062
33 0.1037
33.25 0.1016
33.5 0.102
33.75 0.0978
34 0.0997
34.25 0.0947
34.5 0.0896
34.75 0.0874
35 0.0857
35.25 0.0864
35.5 0.0819
35.75 0.0875
36 0.0773
36.25 0.0708
36.5 0.0674
36.75 0.0639
37 0.0593
37.25 0.061
37.5 0.0554
37.75 0.0514
38 0.0524
38.25 0.0427
38.5 0.0365
38.75 0.0317
39 0.0278
39.25 0.0228
39.5 0.0214
39.75 0.0257
40 0.015
40.25 0.0111
40.5 0.0074
40.75 0.0051
41 0.0037
41.25 0.0025
41.5 0.0063
41.75 0.0051
42 0.0025
42.25 0
42.5 0.0005
42.75 0.0012
43 0.0023
43.25 0.0076
43.5 0.0088
43.75 0.0154
44 0.0125
44.25 0.0102
44.5 0.0125
44.75 0.0122
45 0.0157
45.25 0.0228
45.5 0.0214
45.75 0.0257
46 0.0199
46.25 0.0188
46.5 0.0199
46.75 0.0184
47 0.0217
47.25 0.0228
47.5 0.0226
47.75 0.0257
48 0.0274
48.25 0.0188
48.5 0.0167
48.75 0.0129
49 0.0111
49.25 0.0127
49.5 0.0113
49.75 0.0103
50 0.0075
50.25 0.0077
50.5 0.0047
50.75 0.0063
51 0.0069
51.25 0.0102
51.5 0.0113
51.75 0.0154
52 0.0125
52.25 0.0111
52.5 0.0106
52.75 0.0102
53 0.0111
53.25 0.0177
53.5 0.0164
53.75 0.0154
54 0.0175
54.25 0.0136
54.5 0.0106
54.75 0.0098
55 0.0093
55.25 0.0101
55.5 0.0101
55.75 0.0154
56 0.01
56.25 0.0051
56.5 0.0051
56.75 0.0043
57 0.0046
57.25 0.0076
57.5 0.0063
57.75 0.0103
58 0.005
58.25 0.0051
58.5 0.0042
58.75 0.0063
59 0.0064
59.25 0.0101
59.5 0.0113
59.75 0.0154
60 0.0125
60.25 0.0111
60.5 0.0097
60.75 0.0125
61 0.0125
61.25 0.0103
61.5 0.0102
61.75 0.0163
62 0.0225
62.25 0.0221
62.5 0.0231
62.75 0.0251
63 0.0261
63.25 0.031
63.5 0.0307
63.75 0.0353
64 0.0399
-9999 -9999
21275 0.755
0 0
0.25 0.0025
0.5 0.0049
0.75 0.0074
1 0.0099
1.25 0.0099
1.5 0.0074
1.75 0.0049
2 0.0059
2.25 0.0092
2.5 0.0128
2.75 0.0138
3 0.026
3.25 0.0422
3.5 0.0448
3.75 0.0474
4 0.058
4.25 0.0691
4.5 0.0883
4.75 0.1005
5 0.12
5.25 0.1541
5.5 0.1682
5.75 0.1823
6 0.2034
6.25 0.2322
6.5 0.2692
6.75 0.2977
7 0.3317
7.25 0.3904
7.5 0.4151
7.75 0.4398
8 0.4757
8.25 0.5225
8.5 0.5729
8.75 0.6131
9 0.6486
9.25 0.7137
9.5 0.7367
9.75 0.7598
10 0.7918
10.25 0.833
10.5 0.8729
10.75 0.9033
11 0.926
11.25 0.9599
11.5 0.9673
11.75 0.9748
12 0.9851
12.25 0.9938
12.5 0.9989
12.75 1
13 0.9977
13.25 0.9897
13.5 0.976
13.75 0.9623
14 0.9482
14.25 0.9259
14.5 0.9007
14.75 0.8719
15 0.8554
15.25 0.8181
15.5 0.7939
15.75 0.7698
16 0.7481
16.25 0.7105
16.5 0.6806
16.75 0.6457
17 0.6251
17.25 0.5943
17.5 0.5696
17.75 0.5448
18 0.5253
18.25 0.4948
18.5 0.4723
18.75 0.4435
19 0.4308
19.25 0.4128
19.5 0.3938
19.75 0.3748
20 0.3631
20.25 0.3416
20.5 0.3279
20.75 0.309
21 0.3045
21.25 0.2934
21.5 0.2804
21.75 0.2673
22 0.2606
22.25 0.2472
22.5 0.2404
22.75 0.2286
23 0.2277
23.25 0.2213
23.5 0.2156
23.75 0.2099
24 0.2009
24.25 0.1908
24.5 0.1859
24.75 0.1771
25 0.1795
25.25 0.1791
25.5 0.1732
25.75 0.1674
26 0.1605
26.25 0.1532
26.5 0.1509
26.75 0.147
27 0.1473
27.25 0.1492
27.5 0.1445
27.75 0.1399
28 0.1362
28.25 0.1301
28.5 0.13
28.75 0.1256
29 0.1299
29.25 0.1293
29.5 0.1284
29.75 0.1274
30 0.121
30.25 0.1155
30.5 0.1167
30.75 0.1143
31 0.1188
31.25 0.1193
31.5 0.1159
31.75 0.1124
32 0.1067
32.25 0.1033
32.5 0.1026
32.75 0.1005
33 0.1027
33.25 0.1069
33.5 0.1022
33.75 0.0974
34 0.0916
34.25 0.0864
34.5 0.0859
34.75 0.0829
35 0.0867
35.25 0.087
35.5 0.081
35.75 0.0749
36 0.0706
36.25 0.0649
36.5 0.0632
36.75 0.0603
37 0.0619
37.25 0.0572
37.5 0.0536
37.75 0.0499
38 0.0437
38.25 0.0372
38.5 0.0352
38.75 0.0289
39 0.0309
39.25 0.0298
39.5 0.0261
39.75 0.0224
40 0.016
40.25 0.01
40.5 0.0102
40.75 0.0075
41 0.0124
41.25 0.0125
41.5 0.0087
41.75 0.0049
42 0.0033
42.25 0.0008
42.5 0.0018
42.75 0
43 0.0099
43.25 0.0149
43.5 0.0112
43.75 0.0075
44 0.0067
44.25 0.0058
44.5 0.0091
44.75 0.0088
45 0.0148
45.25 0.0249
45.5 0.0199
45.75 0.0149
46 0.0143
46.25 0.0134
46.5 0.0149
46.75 0.0163
47 0.0198
47.25 0.0223
47.5 0.0186
47.75 0.0149
48 0.0151
48.25 0.0107
48.5 0.0094
48.75 0.0063
49 0.0099
49.25 0.0099
49.5 0.0074
49.75 0.0049
50 0.0033
50.25 0.0015
50.5 0.0031
50.75 0
51 0.0099
51.25 0.0125
51.5 0.0112
51.75 0.0099
52 0.0059
52.25 0.0065
52.5 0.0076
52.75 0.0088
53 0.0136
53.25 0.0199
53.5 0.0149
53.75 0.0099
54 0.0084
54.25 0.0058
54.5 0.0058
54.75 0.005
55 0.0124
55.25 0.0099
55.5 0.0074
55.75 0.0049
56 0.0033
56.25 0.0004
56.5 0.0003
56.75 0.0013
57 0.0062
57.25 0.0099
57.5 0.0074
57.75 0.0049
58 0.0025
58.25 0.0019
58.5 0.0026
58.75 0.0025
59 0.0099
59.25 0.0149
59.5 0.0124
59.75 0.0099
60 0.0076
60.25 0.0073
60.5 0.0094
60.75 0.0101
61 0.0132
61.25 0.0139
61.5 0.0145
61.75 0.0152
62 0.0162
62.25 0.0196
62.5 0.0219
62.75 0.0226
63 0.0249
63.25 0.0267
63.5 0.0285
63.75 0.0304
64 0.0343
-9999 -9999
22350 0.73
0 0
0.25 0
0.5 0.0024
0.75 0.0047
1 0.0096
1.25 0.0049
1.5 0.0025
1.75 0
2 0.0049
2.25 0.007
2.5 0.0082
2.75 0.0144
3 0.022
3.25 0.0396
3.5 0.042
3.75 0.0419
4 0.0467
4.25 0.0603
4.5 0.0736
4.75 0.0899
5 0.1121
5.25 0.1483
5.5 0.1582
5.75 0.1675
6 0.1918
6.25 0.2103
6.5 0.2423
6.75 0.2753
7 0.3185
7.25 0.3807
7.5 0.3979
7.75 0.4314
8 0.45
8.25 0.4817
8.5 0.532
8.75 0.5767
9 0.6264
9.25 0.6922
9.5 0.7092
9.75 0.7521
10 0.76
10.25 0.7923
10.5 0.8351
10.75 0.8692
11 0.9025
11.25 0.9444
11.5 0.9563
11.75 0.9764
12 0.9716
12.25 0.9831
12.5 0.9924
12.75 0.9978
13 1
13.25 0.9938
13.5 0.9908
13.75 0.9814
14 0.9691
14.25 0.9564
14.5 0.9356
14.75 0.9153
15 0.8927
15.25 0.8603
15.5 0.8449
15.75 0.7987
16 0.7995
16.25 0.7685
16.5 0.7354
16.75 0.7054
17 0.679
17.25 0.6378
17.5 0.6201
17.75 0.5719
18 0.5757
18.25 0.5483
18.5 0.5181
18.75 0.4942
19 0.4717
19.25 0.445
19.5 0.4273
19.75 0.3919
20 0.3986
20.25 0.3744
20.5 0.3547
20.75 0.3393
21 0.3259
21.25 0.3115
21.5 0.2964
21.75 0.2736
22 0.2805
22.25 0.2672
22.5 0.2541
22.75 0.2469
23 0.2391
23.25 0.2373
23.5 0.2223
23.75 0.2071
24 0.2067
24.25 0.2005
24.5 0.1928
24.75 0.1894
25 0.1842
25.25 0.1829
25.5 0.1753
25.75 0.1627
26 0.1673
26.25 0.1613
26.5 0.154
26.75 0.1529
27 0.149
27.25 0.1533
27.5 0.1433
27.75 0.1331
28 0.1353
28.25 0.1339
28.5 0.1307
28.75 0.1308
29 0.1293
29.25 0.1286
29.5 0.1285
29.75 0.1207
30 0.123
30.25 0.1192
30.5 0.1164
30.75 0.1164
31 0.1138
31.25 0.1236
31.5 0.1136
31.75 0.106
32 0.1058
32.25 0.1059
32.5 0.1021
32.75 0.1027
33 0.0999
33.25 0.1038
33.5 0.0988
33.75 0.0912
34 0.0911
34.25 0.0912
34.5 0.0862
34.75 0.0866
35 0.0859
35.25 0.0841
35.5 0.0815
35.75 0.0715
36 0.0665
36.25 0.0687
36.5 0.0637
36.75 0.0613
37 0.0573
37.25 0.0593
37.5 0.0518
37.75 0.0444
38 0.0419
38.25 0.04
38.5 0.0347
38.75 0.0324
39 0.0286
39.25 0.0297
39.5 0.0222
39.75 0.0099
40 0.0148
40.25 0.0133
40.5 0.0074
40.75 0.009
41 0.0057
41.25 0.0148
41.5 0.0074
41.75 0
42 0
42.25 0.0042
42.5 0.0004
42.75 0.0013
43 0.0032
43.25 0.0099
43.5 0.0049
43.75 0
44 0.0049
44.25 0.0056
44.5 0.0045
44.75 0.0079
45 0.0106
45.25 0.0198
45.5 0.0148
45.75 0.0099
46 0.0098
46.25 0.0133
46.5 0.0118
46.75 0.0141
47 0.0147
47.25 0.0198
47.5 0.0173
47.75 0.0123
48 0.0098
48.25 0.0161
48.5 0.0102
48.75 0.0101
49 0.0098
49.25 0.0198
49.5 0.0049
49.75 0
50 0.0025
50.25 0.0035
50.5 0.0008
50.75 0.0041
51 0.0049
51.25 0.0099
51.5 0.0074
51.75 0.0049
52 0.0049
52.25 0.0084
52.5 0.0074
52.75 0.0095
53 0.0106
53.25 0.0148
53.5 0.0098
53.75 0.0074
54 0.0048
54.25 0.0105
54.5 0.0061
54.75 0.0076
55 0.0081
55.25 0.0148
55.5 0.0049
55.75 0.0024
56 0.0024
56.25 0.0028
56.5 0.0004
56.75 0.003
57 0.0032
57.25 0.0148
57.5 0.0049
57.75 0
58 0
58.25 0.0056
58.5 0.0004
58.75 0.0038
59 0.0064
59.25 0.0099
59.5 0.0098
59.75 0.0024
60 0.0049
60.25 0.0091
60.5 0.0073
60.75 0.0108
61 0.0099
61.25 0.0124
61.5 0.0149
61.75 0.0148
62 0.0148
62.25 0.0196
62.5 0.0196
62.75 0.0233
63 0.0247
63.25 0.0273
63.5 0.0299
63.75 0.032
64 0.0319
-9999 -9999
23425 0.705
0 0.0038
0.25 0.0047
0.5 0
0.75 0
1 0.0073
1.25 0.0061
1.5 0.0048
1.75 0.0033
2 0
2.25 0.0111
2.5 0.0128
2.75 0.0173
3 0.0236
3.25 0.0345
3.5 0.0532
3.75 0.0545
4 0.0539
4.25 0.0744
4.5 0.0851
4.75 0.1018
5 0.1165
5.25 0.1453
5.5 0.1839
5.75 0.1965
6 0.1961
6.25 0.2368
6.5 0.2649
6.75 0.296
7 0.3251
7.25 0.3719
7.5 0.4355
7.75 0.4589
8 0.4657
8.25 0.5148
8.5 0.5538
8.75 0.5932
9 0.6266
9.25 0.6773
9.5 0.7403
9.75 0.7659
10 0.7696
10.25 0.8108
10.5 0.8438
10.75 0.8728
11 0.8969
11.25 0.931
11.5 0.9628
11.75 0.9738
12 0.9705
12.25 0.9834
12.5 0.9914
12.75 0.9965
13 0.9994
13.25 1
13.5 0.9919
13.75 0.9853
14 0.9705
14.25 0.9574
14.5 0.9395
14.75 0.9231
15 0.9051
15.25 0.8744
15.5 0.8419
15.75 0.8235
16 0.799
16.25 0.7795
16.5 0.7523
16.75 0.726
17 0.7006
17.25 0.6651
17.5 0.6241
17.75 0.604
18 0.5784
18.25 0.5623
18.5 0.535
18.75 0.5133
19 0.492
19.25 0.4606
19.5 0.4306
19.75 0.4142
20 0.3921
20.25 0.3829
20.5 0.3665
20.75 0.3505
21 0.3368
21.25 0.3153
21.5 0.2951
21.75 0.2872
22 0.2745
22.25 0.2703
22.5 0.2611
22.75 0.2524
23 0.246
23.25 0.2315
23.5 0.2226
23.75 0.2162
24 0.2059
24.25 0.204
24.5 0.1974
24.75 0.192
25 0.1878
25.25 0.1798
25.5 0.1742
25.75 0.1667
26 0.1618
26.25 0.1624
26.5 0.1589
26.75 0.156
27 0.1525
27.25 0.1478
27.5 0.1452
27.75 0.1419
28 0.1323
28.25 0.1368
28.5 0.1343
28.75 0.1333
29 0.1317
29.25 0.1306
29.5 0.1258
29.75 0.1238
30 0.1176
30.25 0.1204
30.5 0.1172
30.75 0.1171
31 0.1158
31.25 0.1133
31.5 0.1113
31.75 0.1073
32 0.1029
32.25 0.1073
32.5 0.1048
32.75 0.1023
33 0.1033
33.25 0.0985
33.5 0.0968
33.75 0.0908
34 0.0882
34.25 0.0904
34.5 0.0893
34.75 0.0873
35 0.0839
35.25 0.0764
35.5 0.0726
35.75 0.0709
36 0.0686
36.25 0.0662
36.5 0.0626
36.75 0.0595
37 0.0589
37.25 0.0517
37.5 0.0435
37.75 0.0396
38 0.0392
38.25 0.0348
38.5 0.031
38.75 0.0292
39 0.027
39.25 0.0197
39.5 0.0194
39.75 0.0099
40 0.0098
40.25 0.0087
40.5 0.008
40.75 0.0079
41 0.0056
41.25 0.0025
41.5 0
41.75 0
42 0
42.25 0.0014
42.5 0.0011
42.75 0.0014
43 0.0028
43.25 0.0025
43.5 0.0048
43.75 0.0033
44 0
44.25 0.0072
44.5 0.008
44.75 0.0105
45 0.0097
45.25 0.0099
45.5 0.0097
45.75 0.0082
46 0.0098
46.25 0.0121
46.5 0.0117
46.75 0.0142
47 0.0146
47.25 0.0148
47.5 0.0145
47.75 0.0115
48 0.0147
48.25 0.0135
48.5 0.0107
48.75 0.0096
49 0.0097
49.25 0.0074
49.5 0.0097
49.75 0
50 0
50.25 0.0053
50.5 0.0048
50.75 0.0065
51 0.0083
51.25 0.0074
51.5 0.0097
51.75 0.0049
52 0.0049
52.25 0.0082
52.5 0.0107
52.75 0.0113
53 0.0125
53.25 0.0123
53.5 0.0145
53.75 0.0099
54 0.0049
54.25 0.0101
54.5 0.0091
54.75 0.0096
55 0.009
55.25 0.0099
55.5 0.0097
55.75 0.005
56 0.0049
56.25 0.0034
56.5 0.0037
56.75 0.0045
57 0.007
57.25 0.0049
57.5 0.0048
57.75 0.0016
58 0
58.25 0.0053
58.5 0.0053
58.75 0.0073
59 0.007
59.25 0.0099
59.5 0.0097
59.75 0.0082
60 0.0098
60.25 0.0111
60.5 0.0123
60.75 0.0141
61 0.0126
61.25 0.0197
61.5 0.0194
61.75 0.0181
62 0.0147
62.25 0.0231
62.5 0.0247
62.75 0.0271
63 0.0281
63.25 0.0345
63.5 0.0387
63.75 0.033
64 0.0343
-9999 -9999
24500 0.68
0 0
0.25 0
0.5 0
0.75 0.0022
1 0.0033
1.25 0.0044
1.5 0.0047
1.75 0.0047
2 0.0031
2.25 0.0045
2.5 0.0106
2.75 0.0131
3 0.0153
3.25 0.0218
3.5 0.034
3.75 0.0395
4 0.0489
4.25 0.0628
4.5 0.0677
4.75 0.0818
5 0.0952
5.25 0.1111
5.5 0.1423
5.75 0.1637
6 0.1831
6.25 0.2065
6.5 0.2228
6.75 0.2556
7 0.2877
7.25 0.3176
7.5 0.3667
7.75 0.4074
8 0.4388
8.25 0.4759
8.5 0.4935
8.75 0.5406
9 0.5807
9.25 0.6179
9.5 0.6669
9.75 0.7124
10 0.7449
10.25 0.7811
10.5 0.7881
10.75 0.8285
11 0.8596
11.25 0.8851
11.5 0.9177
11.75 0.9467
12 0.9627
12.25 0.9786
12.5 0.9752
12.75 0.9859
13 0.9934
13.25 0.9973
13.5 1
13.75 0.9967
14 0.9927
14.25 0.9831
14.5 0.9713
14.75 0.9557
15 0.9394
15.25 0.924
15.5 0.9027
15.75 0.8715
16 0.8507
16.25 0.8305
16.5 0.8155
16.75 0.7833
17 0.7563
17.25 0.7337
17.5 0.703
17.75 0.6638
18 0.6409
18.25 0.615
18.5 0.6006
18.75 0.5667
19 0.5412
19.25 0.5159
19.5 0.4909
19.75 0.4584
20 0.442
20.25 0.422
20.5 0.4132
20.75 0.3871
21 0.3708
21.25 0.3531
21.5 0.3361
21.75 0.3157
22 0.3031
22.25 0.2873
22.5 0.2878
22.75 0.2725
23 0.263
23.25 0.2534
23.5 0.2462
23.75 0.2309
24 0.2257
24.25 0.2155
24.5 0.2148
24.75 0.2051
25 0.1991
25.25 0.1926
25.5 0.1874
25.75 0.1764
26 0.1736
26.25 0.1706
26.5 0.168
26.75 0.1618
27 0.1578
27.25 0.1536
27.5 0.1502
27.75 0.1474
28 0.1419
28.25 0.1392
28.5 0.1407
28.75 0.1369
29 0.1351
29.25 0.134
29.5 0.1332
29.75 0.1288
30 0.1246
30.25 0.1212
30.5 0.1243
30.75 0.1192
31 0.1185
31.25 0.1157
31.5 0.1146
31.75 0.1114
32 0.1089
32.25 0.1077
32.5 0.1087
32.75 0.1051
33 0.1038
33.25 0.102
33.5 0.1022
33.75 0.0952
34 0.0931
34.25 0.0943
34.5 0.0928
34.75 0.0902
35 0.0865
35.25 0.086
35.5 0.0868
35.75 0.0789
36 0.0757
36.25 0.0718
36.5 0.0719
36.75 0.0656
37 0.0605
37.25 0.0572
37.5 0.0527
37.75 0.0476
38 0.0425
38.25 0.0404
38.5 0.0384
38.75 0.0309
39 0.0266
39.25 0.0229
39.5 0.0218
39.75 0.0116
40 0.0078
40.25 0.0045
40.5 0.011
40.75 0.0063
41 0.0033
41.25 0.0033
41.5 0.0047
41.75 0.0012
42 0
42.25 0
42.5 0.0004
42.75 0.0003
43 0
43.25 0.0022
43.5 0.0032
43.75 0.0023
44 0.0031
44.25 0.009
44.5 0.0088
44.75 0.0097
45 0.01
45.25 0.0149
45.5 0.0171
45.75 0.0175
46 0.0173
46.25 0.0224
46.5 0.0262
46.75 0.0292
47 0.032
47.25 0.0389
47.5 0.0449
47.75 0.0464
48 0.0472
48.25 0.0539
48.5 0.057
48.75 0.0595
49 0.0599
49.25 0.0653
49.5 0.0697
49.75 0.0696
50 0.0693
50.25 0.0718
50.5 0.0749
50.75 0.0768
51 0.0772
51.25 0.0768
51.5 0.0821
51.75 0.0801
52 0.0757
52.25 0.0763
52.5 0.0795
52.75 0.0765
53 0.0752
53.25 0.0756
53.5 0.0759
53.75 0.072
54 0.0693
54.25 0.0718
54.5 0.0703
54.75 0.0673
55 0.0653
55.25 0.0653
55.5 0.0666
55.75 0.0627
56 0.0567
56.25 0.0628
56.5 0.0616
56.75 0.0598
57 0.0593
57.25 0.0619
57.5 0.062
57.75 0.058
58 0.0567
58.25 0.0584
58.5 0.0586
58.75 0.057
59 0.0566
59.25 0.0584
59.5 0.0604
59.75 0.0569
60 0.0536
60.25 0.0539
60.5 0.057
60.75 0.0542
61 0.0546
61.25 0.0525
61.5 0.0535
61.75 0.0534
62 0.052
62.25 0.0539
62.5 0.0542
62.75 0.0542
63 0.0539
63.25 0.0541
63.5 0.0535
63.75 0.0511
64 0.052
-9999 -9999
28275 0.625
0 0.0009
0.25 0.0018
0.5 0.0027
0.75 0.0037
1 0.0046
1.25 0.0044
1.5 0.0059
1.75 0.0067
2 0.0045
2.25 0.0064
2.5 0.0106
2.75 0.0108
3 0.0171
3.25 0.0214
3.5 0.0306
3.75 0.0362
4 0.0476
4.25 0.0553
4.5 0.0707
4.75 0.0774
5 0.0874
5.25 0.1021
5.5 0.1258
5.75 0.1422
6 0.1724
6.25 0.1958
6.5 0.2233
6.75 0.2375
7 0.2565
7.25 0.2861
7.5 0.3245
7.75 0.3526
8 0.4037
8.25 0.4405
8.5 0.4833
8.75 0.5038
9 0.527
9.25 0.5673
9.5 0.6102
9.75 0.6434
10 0.6963
10.25 0.7372
10.5 0.7735
10.75 0.7926
11 0.8089
11.25 0.8387
11.5 0.871
11.75 0.8978
12 0.9275
12.25 0.9536
12.5 0.9709
12.75 0.9796
13 0.9788
13.25 0.9862
13.5 0.9955
13.75 0.9977
14 1
14.25 0.9961
14.5 0.9898
14.75 0.9859
15 0.9702
15.25 0.9603
15.5 0.9445
15.75 0.928
16 0.9047
16.25 0.8746
16.5 0.8565
16.75 0.842
17 0.8204
17.25 0.797
17.5 0.7684
17.75 0.7416
18 0.7075
18.25 0.6695
18.5 0.6471
18.75 0.6314
19 0.6089
19.25 0.583
19.5 0.5532
19.75 0.5265
20 0.4966
20.25 0.4611
20.5 0.4463
20.75 0.4326
21 0.4163
21.25 0.3987
21.5 0.377
21.75 0.3585
22 0.3356
22.25 0.3126
22.5 0.3055
22.75 0.2986
23 0.2895
23.25 0.2808
23.5 0.2668
23.75 0.2557
24 0.2471
24.25 0.2274
24.5 0.2268
24.75 0.2203
25 0.2142
25.25 0.2099
25.5 0.2031
25.75 0.1968
26 0.1859
26.25 0.1769
26.5 0.1747
26.75 0.1709
27 0.1684
27.25 0.1652
27.5 0.1619
27.75 0.1559
28 0.1519
28.25 0.1437
28.5 0.144
28.75 0.1412
29 0.1396
29.25 0.1389
29.5 0.1378
29.75 0.1346
30 0.1293
30.25 0.1263
30.5 0.1253
30.75 0.1224
31 0.1211
31.25 0.1205
31.5 0.1199
31.75 0.1165
32 0.1133
32.25 0.1074
32.5 0.1087
32.75 0.108
33 0.1056
33.25 0.1048
33.5 0.1034
33.75 0.1014
34 0.0952
34.25 0.0901
34.5 0.092
34.75 0.0881
35 0.0889
35.25 0.0878
35.5 0.0846
35.75 0.0817
36 0.0771
36.25 0.0711
36.5 0.0694
36.75 0.0639
37 0.0647
37.25 0.0619
37.5 0.0577
37.75 0.0544
38 0.0476
38.25 0.0379
38.5 0.0381
38.75 0.0342
39 0.0314
39.25 0.0286
39.5 0.0254
39.75 0.0226
40 0.0158
40.25 0.0096
40.5 0.0087
40.75 0.0081
41 0.0072
41.25 0.0068
41.5 0.0074
41.75 0.0059
42 0
42.25 0
42.5 0.0013
42.75 0
43 0.0004
43.25 0
43.5 0.0022
43.75 0.003
44 0
44.25 0
44.5 0.0027
44.75 0.0036
45 0.0049
45.25 0.0083
45.5 0.0111
45.75 0.0136
46 0.0136
46.25 0.0142
46.5 0.02
46.75 0.0216
47 0.0231
47.25 0.0274
47.5 0.0344
47.75 0.0378
48 0.0408
48.25 0.0411
48.5 0.048
48.75 0.0477
49 0.0507
49.25 0.0548
49.5 0.0614
49.75 0.0621
50 0.0657
50.25 0.0664
50.5 0.07
50.75 0.0702
51 0.0703
51.25 0.0736
51.5 0.0771
51.75 0.0772
52 0.0794
52.25 0.0774
52.5 0.076
52.75 0.0755
53 0.0772
53.25 0.077
53.5 0.0779
53.75 0.0756
54 0.0726
54.25 0.0679
54.5 0.0694
54.75 0.0693
55 0.0685
55.25 0.068
55.5 0.0681
55.75 0.0665
56 0.0635
56.25 0.0616
56.5 0.062
56.75 0.0594
57 0.0609
57.25 0.0601
57.5 0.0614
57.75 0.0605
58 0.0567
58.25 0.0554
58.5 0.0573
58.75 0.0548
59 0.056
59.25 0.0571
59.5 0.0599
59.75 0.0559
60 0.0544
60.25 0.0537
60.5 0.0527
60.75 0.0522
61 0.0528
61.25 0.055
61.5 0.0547
61.75 0.0557
62 0.0544
62.25 0.0505
62.5 0.0527
62.75 0.0521
63 0.0537
63.25 0.0534
63.5 0.0531
63.75 0.0573
64 0.0544
-9999 -9999
32050 0.57
0 0.0011
0.25 0.0022
0.5 0.0046
0.75 0.0023
1 0
1.25 0.0015
1.5 0.003
1.75 0.0045
2 0.0046
2.25 0.0082
2.5 0.0083
2.75 0.0127
3 0.0175
3.25 0.0229
3.5 0.0225
3.75 0.034
4 0.0413
4.25 0.0537
4.5 0.0623
4.75 0.0747
5 0.09
5.25 0.1051
5.5 0.1112
5.75 0.1336
6 0.1606
6.25 0.1858
6.5 0.2062
6.75 0.2288
7 0.2611
7.25 0.288
7.5 0.3005
7.75 0.3283
8 0.374
8.25 0.4157
8.5 0.4465
8.75 0.482
9 0.5249
9.25 0.5576
9.5 0.5724
9.75 0.6045
10 0.6585
10.25 0.6974
10.5 0.73
10.75 0.7613
11 0.7987
11.25 0.8228
11.5 0.8322
11.75 0.8604
12 0.8926
12.25 0.921
12.5 0.9387
12.75 0.9548
13 0.9739
13.25 0.9827
13.5 0.9808
13.75 0.9895
14 0.9981
14.25 1
14.5 0.9991
14.75 0.9976
15 0.9912
15.25 0.9873
15.5 0.9733
15.75 0.9624
16 0.9454
16.25 0.9267
16.5 0.9116
16.75 0.8942
17 0.8716
17.25 0.8593
17.5 0.8336
17.75 0.8107
18 0.7733
18.25 0.7441
18.5 0.7219
18.75 0.6957
19 0.666
19.25 0.6445
19.5 0.6248
19.75 0.6001
20 0.5553
20.25 0.5287
20.5 0.5051
20.75 0.4835
21 0.4595
21.25 0.4434
21.5 0.4281
21.75 0.4076
22 0.374
22.25 0.3582
22.5 0.3421
22.75 0.329
23 0.3144
23.25 0.3062
23.5 0.2959
23.75 0.283
24 0.2639
24.25 0.2552
24.5 0.2468
24.75 0.2389
25 0.2308
25.25 0.224
25.5 0.2193
25.75 0.2151
26 0.1973
26.25 0.1933
26.5 0.1872
26.75 0.1828
27 0.1772
27.25 0.1737
27.5 0.1712
27.75 0.1676
28 0.1583
28.25 0.1554
28.5 0.1511
28.75 0.1481
29 0.1462
29.25 0.1417
29.5 0.1412
29.75 0.1426
30 0.1331
30.25 0.1321
30.5 0.1288
30.75 0.1268
31 0.1246
31.25 0.1234
31.5 0.1202
31.75 0.1223
32 0.1147
32.25 0.115
32.5 0.1085
32.75 0.1081
33 0.1073
33.25 0.1051
33.5 0.1036
33.75 0.1019
34 0.0963
34.25 0.0966
34.5 0.094
34.75 0.0908
35 0.0892
35.25 0.0914
35.5 0.0841
35.75 0.086
36 0.0757
36.25 0.0764
36.5 0.0711
36.75 0.0677
37 0.0655
37.25 0.0594
37.5 0.0586
37.75 0.0612
38 0.0482
38.25 0.0462
38.5 0.0407
38.75 0.0364
39 0.031
39.25 0.032
39.5 0.0256
39.75 0.0272
40 0.0161
40.25 0.0164
40.5 0.0114
40.75 0.009
41 0.0079
41.25 0.0046
41.5 0.0045
41.75 0.0068
42 0.0023
42.25 0.0032
42.5 0.0013
42.75 0.001
43 0.0006
43.25 0
43.5 0
43.75 0.0023
44 0
44.25 0.0013
44.5 0.0007
44.75 0.0013
45 0.002
45.25 0.0046
45.5 0.003
45.75 0.0113
46 0.0069
46.25 0.0095
46.5 0.0114
46.75 0.013
47 0.0167
47.25 0.0183
47.5 0.0195
47.75 0.0249
48 0.0275
48.25 0.0322
48.5 0.033
48.75 0.0373
49 0.0421
49.25 0.0457
49.5 0.0466
49.75 0.0543
50 0.0551
50.25 0.0588
50.5 0.0609
50.75 0.0644
51 0.0678
51.25 0.0686
51.5 0.0691
51.75 0.077
52 0.0757
52.25 0.0752
52.5 0.0755
52.75 0.0764
53 0.0769
53.25 0.0777
53.5 0.0751
53.75 0.0815
54 0.0734
54.25 0.0739
54.5 0.0723
54.75 0.0714
55 0.0705
55.25 0.0686
55.5 0.0676
55.75 0.0725
56 0.0642
56.25 0.0638
56.5 0.0622
56.75 0.062
57 0.0608
57.25 0.0594
57.5 0.0616
57.75 0.0611
58 0.0551
58.25 0.0594
58.5 0.0571
58.75 0.0567
59 0.057
59.25 0.0549
59.5 0.0526
59.75 0.0589
60 0.0551
60.25 0.0556
60.5 0.0546
60.75 0.0544
61 0.0537
61.25 0.0549
61.5 0.0541
61.75 0.0546
62 0.0505
62.25 0.0508
62.5 0.0515
62.75 0.0517
63 0.053
63.25 0.0503
63.5 0.0526
63.75 0.0546
64 0.0505
-9999 -9999
35825 0.515
0 0.0018
0.25 0.0024
0.5 0.003
0.75 0
1 0.0014
1.25 0.0029
1.5 0.0014
1.75 0
2 0.006
2.25 0.0126
2.5 0.0156
2.75 0.0199
3 0.0221
3.25 0.0282
3.5 0.0389
3.75 0.0497
4 0.0539
4.25 0.0702
4.5 0.0833
4.75 0.0982
5 0.1106
5.25 0.1256
5.5 0.1509
5.75 0.1762
6 0.1903
6.25 0.2203
6.5 0.2462
6.75 0.278
7 0.3007
7.25 0.3236
7.5 0.3651
7.75 0.4065
8 0.4284
8.25 0.4706
8.5 0.5051
8.75 0.5446
9 0.575
9.25 0.5973
9.5 0.642
9.75 0.6866
10 0.7083
10.25 0.7469
10.5 0.7774
10.75 0.8096
11 0.8359
11.25 0.8472
11.5 0.8776
11.75 0.908
12 0.9202
12.25 0.9425
12.5 0.9583
12.75 0.9732
13 0.9863
13.25 0.9834
13.5 0.9908
13.75 0.9983
14 0.9988
14.25 1
14.5 0.9992
14.75 0.9968
15 0.9907
15.25 0.9778
15.5 0.9655
15.75 0.9531
16 0.9466
16.25 0.9307
16.5 0.9162
16.75 0.8997
17 0.8801
17.25 0.8588
17.5 0.8269
17.75 0.795
18 0.7835
18.25 0.7561
18.5 0.7304
18.75 0.7065
19 0.6811
19.25 0.6586
19.5 0.6229
19.75 0.5872
20 0.5683
20.25 0.5387
20.5 0.5157
20.75 0.4946
21 0.4644
21.25 0.4542
21.5 0.4281
21.75 0.402
22 0.3851
22.25 0.363
22.5 0.3484
22.75 0.3358
23 0.3184
23.25 0.3125
23.5 0.2963
23.75 0.2801
24 0.27
24.25 0.2575
24.5 0.2502
24.75 0.2441
25 0.2344
25.25 0.2293
25.5 0.2163
25.75 0.2033
26 0.2016
26.25 0.1955
26.5 0.1896
26.75 0.1856
27 0.1813
27.25 0.1752
27.5 0.1666
27.75 0.1581
28 0.1565
28.25 0.1549
28.5 0.1522
28.75 0.1529
29 0.1459
29.25 0.1449
29.5 0.1402
29.75 0.1355
30 0.1337
30.25 0.1326
30.5 0.13
30.75 0.1298
31 0.1238
31.25 0.1244
31.5 0.1187
31.75 0.1129
32 0.113
32.25 0.1118
32.5 0.1095
32.75 0.1089
33 0.1061
33.25 0.1039
33.5 0.0994
33.75 0.0949
34 0.0935
34.25 0.0934
34.5 0.0914
34.75 0.0907
35 0.0885
35.25 0.0854
35.5 0.0811
35.75 0.0768
36 0.0755
36.25 0.0721
36.5 0.0688
36.75 0.0666
37 0.0575
37.25 0.0606
37.5 0.0529
37.75 0.0452
38 0.0434
38.25 0.0392
38.5 0.0341
38.75 0.0317
39 0.0265
39.25 0.0227
39.5 0.0181
39.75 0.0136
40 0.0114
40.25 0.0106
40.5 0.0082
40.75 0.0081
41 0
41.25 0.0054
41.5 0.0027
41.75 0
42 0.0005
42.25 0.0014
42.5 0.0007
42.75 0.0005
43 0
43.25 0.0033
43.5 0.0016
43.75 0
44 0
44.25 0.0005
44.5 0.0023
44.75 0.0027
45 0.0044
45.25 0.0043
45.5 0.0044
45.75 0.0045
46 0.0049
46.25 0.0077
46.5 0.0099
46.75 0.0124
47 0.0177
47.25 0.0163
47.5 0.0172
47.75 0.0181
48 0.0245
48.25 0.0295
48.5 0.0323
48.75 0.037
49 0.0398
49.25 0.0444
49.5 0.0493
49.75 0.0542
50 0.0511
50.25 0.0566
50.5 0.059
50.75 0.0628
51 0.0663
51.25 0.066
51.5 0.0669
51.75 0.0678
52 0.0718
52.25 0.0755
52.5 0.0768
52.75 0.0784
53 0.0752
53.25 0.0757
53.5 0.074
53.75 0.0723
54 0.0739
54.25 0.0736
54.5 0.0724
54.75 0.073
55 0.0663
55.25 0.0682
55.5 0.0657
55.75 0.0632
56 0.0625
56.25 0.0634
56.5 0.0619
56.75 0.0638
57 0.0575
57.25 0.0617
57.5 0.0579
57.75 0.0542
58 0.0576
58.25 0.0576
58.5 0.0567
58.75 0.0596
59 0.0575
59.25 0.0563
59.5 0.0552
59.75 0.0542
60 0.0543
60.25 0.0542
60.5 0.0551
60.75 0.0545
61 0.0531
61.25 0.0539
61.5 0.0518
61.75 0.0497
62 0.0527
62.25 0.0527
62.5 0.0529
62.75 0.0527
63 0.0531
63.25 0.0504
63.5 0.0501
63.75 0.0497
64 0.0521
-9999 -9999
39600 0.46
0 0
0.25 0
0.5 0
0.75 0
1 0
1.25 0
1.5 0.0014
1.75 0.0045
2 0.0042
2.25 0.0062
2.5 0.0065
2.75 0.0114
3 0.0142
3.25 0.0177
3.5 0.0251
3.75 0.0312
4 0.0338
4.25 0.0395
4.5 0.0473
4.75 0.064
5 0.0772
5.25 0.0905
5.5 0.1133
5.75 0.1291
6 0.1353
6.25 0.1516
6.5 0.1697
6.75 0.2066
7 0.2344
7.25 0.2618
7.5 0.2986
7.75 0.3293
8 0.3383
8.25 0.3661
8.5 0.3932
8.75 0.4515
9 0.4898
9.25 0.5274
9.5 0.5754
9.75 0.6053
10 0.6132
10.25 0.6459
10.5 0.6747
10.75 0.7276
11 0.7633
11.25 0.7938
11.5 0.8325
11.75 0.859
12 0.8585
12.25 0.8789
12.5 0.896
12.75 0.9275
13 0.9452
13.25 0.9599
13.5 0.9774
13.75 0.9836
14 0.9811
14.25 0.9868
14.5 0.9906
14.75 0.998
15 1
15.25 0.9985
15.5 0.9961
15.75 0.9969
16 0.9811
16.25 0.9755
16.5 0.9712
16.75 0.9552
17 0.9437
17.25 0.9344
17.5 0.9142
17.75 0.899
18 0.8839
18.25 0.8661
18.5 0.8509
18.75 0.8172
19 0.7913
19.25 0.7692
19.5 0.7366
19.75 0.7121
20 0.6978
20.25 0.6744
20.5 0.6511
20.75 0.6064
21 0.5784
21.25 0.553
21.5 0.5231
21.75 0.4985
22 0.4863
22.25 0.4628
22.5 0.4491
22.75 0.4114
23 0.3904
23.25 0.3748
23.5 0.354
23.75 0.3427
24 0.3341
24.25 0.3152
24.5 0.3073
24.75 0.2867
25 0.2742
25.25 0.2639
25.5 0.2528
25.75 0.2448
26 0.2411
26.25 0.2299
26.5 0.2278
26.75 0.2113
27 0.2031
27.25 0.1984
27.5 0.1895
27.75 0.1869
28 0.1818
28.25 0.1744
28.5 0.1719
28.75 0.1663
29 0.1616
29.25 0.158
29.5 0.1547
29.75 0.1558
30 0.1522
30.25 0.1447
30.5 0.144
30.75 0.1405
31 0.1365
31.25 0.1335
31.5 0.1308
31.75 0.1246
32 0.1269
32.25 0.1249
32.5 0.1203
32.75 0.1169
33 0.1134
33.25 0.1108
33.5 0.109
33.75 0.1068
34 0.1057
34.25 0.1007
34.5 0.0988
34.75 0.0963
35 0.0921
35.25 0.0924
35.5 0.0904
35.75 0.089
36 0.0888
36.25 0.0837
36.5 0.0817
36.75 0.0779
37 0.0724
37.25 0.068
37.5 0.0631
37.75 0.0623
38 0.0592
38.25 0.0567
38.5 0.0516
38.75 0.045
39 0.0372
39.25 0.0325
39.5 0.0272
39.75 0.0267
40 0.0211
40.25 0.0183
40.5 0.0151
40.75 0.0106
41 0.0075
41.25 0.0055
41.5 0.0032
41.75 0
42 0.0042
42.25 0
42.5 0
42.75 0.0022
43 0.0003
43.25 0.0006
43.5 0.0022
43.75 0.0045
44 0.0042
44.25 0.0028
44.5 0.0022
44.75 0.0005
45 0.0018
45.25 0.0025
45.5 0.0043
45.75 0.0045
46 0.0042
46.25 0.0056
46.5 0.0043
46.75 0.0062
47 0.007
47.25 0.008
47.5 0.0109
47.75 0.0178
48 0.0127
48.25 0.0154
48.5 0.0151
48.75 0.0217
49 0.0234
49.25 0.0275
49.5 0.0337
49.75 0.0401
50 0.0381
50.25 0.0412
50.5 0.0408
50.75 0.048
51 0.05
51.25 0.0545
51.5 0.0588
51.75 0.0579
52 0.0634
52.25 0.0668
52.5 0.0666
52.75 0.0719
53 0.0751
53.25 0.0753
53.5 0.0774
53.75 0.0801
54 0.0804
54.25 0.0766
54.5 0.0774
54.75 0.0773
55 0.0749
55.25 0.0741
55.5 0.0741
55.75 0.0712
56 0.0719
56.25 0.0695
56.5 0.0666
56.75 0.067
57 0.0633
57.25 0.0613
57.5 0.0621
57.75 0.0668
58 0.0634
58.25 0.0595
58.5 0.058
58.75 0.0597
59 0.0574
59.25 0.0576
59.5 0.0577
59.75 0.0579
60 0.0592
60.25 0.0581
60.5 0.0559
60.75 0.0575
61 0.0558
61.25 0.0556
61.5 0.0546
61.75 0.0544
62 0.0541
62.25 0.0538
62.5 0.0537
62.75 0.0556
63 0.0532
63.25 0.0542
63.5 0.0501
63.75 0.0509
64 0.0517
-9999 -9999
45525 0.4175
0 0.0012
0.25 0
0.5 0
0.75 0
1 0
1.25 0.0029
1.5 0.0043
1.75 0.0053
2 0.0063
2.25 0.0064
2.5 0.013
2.75 0.0121
3 0.0164
3.25 0.022
3.5 0.0326
3.75 0.0372
4 0.0419
4.25 0.0492
4.5 0.0651
4.75 0.0762
5 0.0964
5.25 0.1095
5.5 0.1375
5.75 0.1472
6 0.1568
6.25 0.1735
6.5 0.2127
6.75 0.2408
7 0.2783
7.25 0.3015
7.5 0.3473
7.75 0.3622
8 0.3772
8.25 0.407
8.5 0.4581
8.75 0.5042
9 0.5501
9.25 0.5772
9.5 0.6292
9.75 0.6422
10 0.6552
10.25 0.6855
10.5 0.7339
10.75 0.7736
11 0.8115
11.25 0.8316
11.5 0.8683
11.75 0.8759
12 0.8834
12.25 0.8997
12.5 0.9294
12.75 0.9478
13 0.9658
13.25 0.9765
13.5 0.9897
13.75 0.9876
14 0.9856
14.25 0.9896
14.5 0.9967
14.75 0.9998
15 1
15.25 0.9991
15.5 0.9983
15.75 0.9893
16 0.9803
16.25 0.9768
16.5 0.9642
16.75 0.9521
17 0.9391
17.25 0.9288
17.5 0.9085
17.75 0.8961
18 0.8838
18.25 0.8675
18.5 0.8361
18.75 0.8083
19 0.7818
19.25 0.7625
19.5 0.7314
19.75 0.7159
20 0.7005
20.25 0.6768
20.5 0.6385
20.75 0.6039
21 0.5718
21.25 0.5532
21.5 0.5239
21.75 0.5103
22 0.4967
22.25 0.4776
22.5 0.443
22.75 0.415
23 0.3912
23.25 0.3795
23.5 0.3606
23.75 0.3519
24 0.3431
24.25 0.3299
24.5 0.3084
24.75 0.2876
25 0.2762
25.25 0.2691
25.5 0.2587
25.75 0.2538
26 0.2489
26.25 0.2377
26.5 0.228
26.75 0.2148
27 0.2057
27.25 0.2014
27.5 0.1966
27.75 0.1939
28 0.1911
28.25 0.1841
28.5 0.1759
28.75 0.1689
29 0.1638
29.25 0.1613
29.5 0.1589
29.75 0.1576
30 0.1562
30.25 0.1477
30.5 0.1477
30.75 0.1395
31 0.1361
31.25 0.1344
31.5 0.133
31.75 0.1319
32 0.1308
32.25 0.122
32.5 0.1238
32.75 0.1152
33 0.1128
33.25 0.1111
33.5 0.1113
33.75 0.1094
34 0.1075
34.25 0.1049
34.5 0.0999
34.75 0.0944
35 0.0925
35.25 0.0895
35.5 0.0896
35.75 0.0879
36 0.0863
36.25 0.0835
36.5 0.0782
36.75 0.0702
37 0.0666
37.25 0.0634
37.5 0.0607
37.75 0.0592
38 0.0577
38.25 0.0535
38.5 0.0478
38.75 0.039
39 0.0337
39.25 0.0307
39.5 0.026
39.75 0.0254
40 0.0249
40.25 0.0192
40.5 0.0152
40.75 0.0112
41 0.0083
41.25 0.0091
41.5 0.0108
41.75 0.0107
42 0.0105
42.25 0.0042
42.5 0.0065
42.75 0
43 0.0022
43.25 0.0015
43.5 0.0036
43.75 0.0042
44 0.0048
44.25 0.0021
44.5 0.0065
44.75 0
45 0.0009
45.25 0.0015
45.5 0.0051
45.75 0.0068
46 0.0085
46.25 0.0064
46.5 0.0087
46.75 0.0061
47 0.0065
47.25 0.0088
47.5 0.0144
47.75 0.0162
48 0.018
48.25 0.0171
48.5 0.0217
48.75 0.0208
49 0.0255
49.25 0.0289
49.5 0.0354
49.75 0.0373
50 0.0392
50.25 0.0385
50.5 0.0478
50.75 0.0485
51 0.0523
51.25 0.0545
51.5 0.0629
51.75 0.0643
52 0.0656
52.25 0.0664
52.5 0.0717
52.75 0.0693
53 0.0718
53.25 0.0733
53.5 0.0773
53.75 0.0778
54 0.0784
54.25 0.0771
54.5 0.0782
54.75 0.0728
55 0.0713
55.25 0.0715
55.5 0.0737
55.75 0.0734
56 0.0731
56.25 0.0707
56.5 0.0673
56.75 0.0633
57 0.0627
57.25 0.0626
57.5 0.0651
57.75 0.0646
58 0.0641
58.25 0.0621
58.5 0.0608
58.75 0.058
59 0.0575
59.25 0.0583
59.5 0.06
59.75 0.0602
60 0.0604
60.25 0.0599
60.5 0.063
60.75 0.0563
61 0.0557
61.25 0.0554
61.5 0.0572
61.75 0.0559
62 0.0546
62.25 0.0556
62.5 0.0605
62.75 0.0546
63 0.0548
63.25 0.0538
63.5 0.0548
63.75 0.0547
64 0.0546
-9999 -9999
51450 0.375
0 -0
0.25 -0
0.5 -0
0.75 -0
1 -0
1.25 0.0014
1.5 0.0034
1.75 0.0042
2 0.0082
2.25 0.0042
2.5 0.0108
2.75 0.0144
3 0.0174
3.25 0.0199
3.5 0.0296
3.75 0.0381
4 0.049
4.25 0.0462
4.5 0.0664
4.75 0.0781
5 0.0899
5.25 0.1024
5.5 0.1247
5.75 0.1469
6 0.1632
6.25 0.1681
6.5 0.2114
6.75 0.2312
7 0.2602
7.25 0.2857
7.5 0.3251
7.75 0.3574
8 0.3795
8.25 0.3949
8.5 0.4498
8.75 0.4756
9 0.5176
9.25 0.5517
9.5 0.597
9.75 0.6314
10 0.6529
10.25 0.668
10.5 0.7161
10.75 0.7368
11 0.7765
11.25 0.8052
11.5 0.8387
11.75 0.8616
12 0.8773
12.25 0.8823
12.5 0.9096
12.75 0.9217
13 0.9446
13.25 0.9565
13.5 0.9715
13.75 0.9823
14 0.9875
14.25 0.9831
14.5 0.9922
14.75 0.9956
15 0.9948
15.25 0.9979
15.5 1
15.75 0.9992
16 0.9997
16.25 0.9831
16.5 0.9772
16.75 0.9739
17 0.9637
17.25 0.9538
17.5 0.9392
17.75 0.9285
18 0.9181
18.25 0.8907
18.5 0.8725
18.75 0.8598
19 0.8363
19.25 0.8117
19.5 0.7832
19.75 0.7647
20 0.7467
20.25 0.7184
20.5 0.6872
20.75 0.6736
21 0.6385
21.25 0.6098
21.5 0.5785
21.75 0.5591
22 0.5468
22.25 0.5168
22.5 0.4902
22.75 0.4791
23 0.4483
23.25 0.4246
23.5 0.4014
23.75 0.389
24 0.3795
24.25 0.3571
24.5 0.3421
24.75 0.335
25 0.3142
25.25 0.2988
25.5 0.285
25.75 0.2796
26 0.2734
26.25 0.2563
26.5 0.2482
26.75 0.2444
27 0.2302
27.25 0.2204
27.5 0.2126
27.75 0.2104
28 0.2081
28.25 0.1933
28.5 0.1909
28.75 0.1879
29 0.1789
29.25 0.1726
29.5 0.1676
29.75 0.1673
30 0.1632
30.25 0.1554
30.5 0.1543
30.75 0.1531
31 0.1461
31.25 0.142
31.5 0.1391
31.75 0.1384
32 0.1347
32.25 0.1302
32.5 0.1269
32.75 0.1261
33 0.1194
33.25 0.116
33.5 0.1142
33.75 0.1137
34 0.1102
34.25 0.105
34.5 0.1042
34.75 0.1033
35 0.0986
35.25 0.0951
35.5 0.092
35.75 0.0918
36 0.0898
36.25 0.084
36.5 0.0805
36.75 0.0787
37 0.072
37.25 0.0691
37.5 0.0635
37.75 0.0621
38 0.0612
38.25 0.0504
38.5 0.048
38.75 0.0468
39 0.0387
39.25 0.0339
39.5 0.0312
39.75 0.0296
40 0.0286
40.25 0.021
40.5 0.018
40.75 0.018
41 0.0108
41.25 0.0106
41.5 0.0074
41.75 0.0092
42 0.0122
42.25 0.0042
42.5 0.0062
42.75 0.006
43 0.0045
43.25 0.0032
43.5 0.0032
43.75 0.0064
44 0.0082
44.25 -0
44.5 0.0026
44.75 0.003
45 0.0029
45.25 0.0014
45.5 0.0032
45.75 0.0063
46 0.0082
46.25 0.0042
46.5 0.0052
46.75 0.0066
47 0.0058
47.25 0.0055
47.5 0.009
47.75 0.012
48 0.0122
48.25 0.0126
48.5 0.016
48.75 0.0174
49 0.0183
49.25 0.0213
49.5 0.0275
49.75 0.0297
50 0.0367
50.25 0.0336
50.5 0.0381
50.75 0.0414
51 0.0437
51.25 0.0473
51.5 0.0534
51.75 0.0558
52 0.0571
52.25 0.0588
52.5 0.0634
52.75 0.0643
53 0.0666
53.25 0.0691
53.5 0.0709
53.75 0.0756
54 0.0734
54.25 0.0714
54.5 0.0737
54.75 0.0745
55 0.072
55.25 0.0728
55.5 0.0714
55.75 0.0748
56 0.0775
56.25 0.0714
56.5 0.0691
56.75 0.069
57 0.0657
57.25 0.0654
57.5 0.065
57.75 0.0664
58 0.0694
58.25 0.063
58.5 0.0634
58.75 0.0619
59 0.0604
59.25 0.0589
59.5 0.0603
59.75 0.0614
60 0.0612
60.25 0.0588
60.5 0.0583
60.75 0.0607
61 0.0574
61.25 0.0575
61.5 0.059
61.75 0.0616
62 0.0612
62.25 0.0504
62.5 0.0572
62.75 0.0579
63 0.0562
63.25 0.0549
63.5 0.0541
63.75 0.0557
64 0.0573
-9999 -9999
57375 0.3325
0 -0
0.25 -0
0.5 0.0025
0.75 0.0049
1 0.0074
1.25 0.0099
1.5 0.0146
1.75 0.014
2 0.0159
2.25 0.023
2.5 0.0255
2.75 0.0294
3 0.045
3.25 0.0606
3.5 0.0574
3.75 0.0736
4 0.0867
4.25 0.1028
4.5 0.1131
4.75 0.1324
5 0.1631
5.25 0.1939
5.5 0.1949
5.75 0.2158
6 0.249
6.25 0.283
6.5 0.3027
6.75 0.3529
7 0.3883
7.25 0.4237
7.5 0.4295
7.75 0.4606
8 0.4992
8.25 0.5388
8.5 0.558
8.75 0.6029
9 0.6465
9.25 0.6902
9.5 0.6982
9.75 0.72
10 0.754
10.25 0.7903
10.5 0.806
10.75 0.8382
11 0.8688
11.25 0.8995
11.5 0.8924
11.75 0.9055
12 0.9231
12.25 0.9433
12.5 0.9521
12.75 0.9706
13 0.9805
13.25 0.9904
13.5 0.9858
13.75 0.9878
14 0.9952
14.25 0.9978
14.5 0.9996
14.75 1
15 0.9991
15.25 0.9982
15.5 0.9861
15.75 0.982
16 0.9759
16.25 0.9663
16.5 0.9631
16.75 0.9559
17 0.9386
17.25 0.9213
17.5 0.9072
17.75 0.8869
18 0.8674
18.25 0.8447
18.5 0.8245
18.75 0.8088
19 0.7836
19.25 0.7585
19.5 0.7402
19.75 0.7129
20 0.6873
20.25 0.6603
20.5 0.6421
20.75 0.6029
21 0.5775
21.25 0.552
21.5 0.5431
21.75 0.5117
22 0.4907
22.25 0.4632
22.5 0.4487
22.75 0.4118
23 0.399
23.25 0.3863
23.5 0.3793
23.75 0.3552
24 0.3411
24.25 0.327
24.5 0.3173
24.75 0.3088
25 0.2905
25.25 0.2721
25.5 0.2683
25.75 0.2524
26 0.2478
26.25 0.2348
26.5 0.2371
26.75 0.2206
27 0.2139
27.25 0.2073
27.5 0.204
27.75 0.1968
28 0.1905
28.25 0.1847
28.5 0.1824
28.75 0.1765
29 0.1704
29.25 0.1643
29.5 0.1631
29.75 0.158
30 0.1532
30.25 0.1509
30.5 0.1423
30.75 0.1324
31 0.1335
31.25 0.1347
31.5 0.1336
31.75 0.1281
32 0.1285
32.25 0.1237
32.5 0.1242
32.75 0.1176
33 0.1159
33.25 0.1142
33.5 0.1089
33.75 0.1083
34 0.1051
34.25 0.1006
34.5 0.0985
34.75 0.1029
35 0.0959
35.25 0.0888
35.5 0.0823
35.75 0.0805
36 0.077
36.25 0.0755
36.5 0.0693
36.75 0.0588
37 0.0576
37.25 0.0564
37.5 0.0552
37.75 0.0502
38 0.0448
38.25 0.0376
38.5 0.0366
38.75 0.0441
39 0.0316
39.25 0.0191
39.5 0.0226
39.75 0.016
40 0.0135
40.25 0.0147
40.5 0.0111
40.75 0.0147
41 0.0112
41.25 0.0077
41.5 0.0037
41.75 -0
42 0.0054
42.25 0.0042
42.5 0.0074
42.75 -0
43 0.0007
43.25 0.0014
43.5 0.0037
43.75 0.0033
44 0.0052
44.25 0.0064
44.5 0.0109
44.75 -0
45 0.0021
45.25 0.0043
45.5 0.0127
45.75 0.005
46 0.0083
46.25 0.0063
46.5 0.0109
46.75 0.0147
47 0.014
47.25 0.0134
47.5 0.0172
47.75 0.0143
48 0.0161
48.25 0.0209
48.5 0.0255
48.75 0.0294
49 0.0302
49.25 0.031
49.5 0.0364
49.75 0.037
50 0.0389
50.25 0.044
50.5 0.0511
50.75 0.0441
51 0.0517
51.25 0.0592
51.5 0.0598
51.75 0.0613
52 0.0624
52.25 0.0671
52.5 0.073
52.75 0.0588
53 0.0657
53.25 0.0726
53.5 0.0717
53.75 0.0758
54 0.0746
54.25 0.0756
54.5 0.0765
54.75 0.0735
55 0.0731
55.25 0.0726
55.5 0.0741
55.75 0.0694
56 0.0701
56.25 0.0671
56.5 0.073
56.75 0.0735
57 0.0709
57.25 0.0683
57.5 0.0643
57.75 0.0635
58 0.0639
58.25 0.0649
58.5 0.0584
58.75 0.0588
59 0.0573
59.25 0.0557
59.5 0.0627
59.75 0.0593
60 0.0639
60.25 0.0609
60.5 0.0619
60.75 0.0588
61 0.0597
61.25 0.0606
61.5 0.0598
61.75 0.0608
62 0.062
62.25 0.0586
62.5 0.0584
62.75 0.0588
63 0.0588
63.25 0.0587
63.5 0.0596
63.75 0.0577
64 0.0586
-9999 -9999
63300 0.29
0 0
0.25 0
0.5 0
0.75 0
1 0
1.25 0
1.5 0
1.75 0
2 0
2.25 0.0051
2.5 0.0133
2.75 0.0149
3 0.0156
3.25 0.0153
3.5 0.0202
3.75 0.0251
4 0.0261
4.25 0.0439
4.5 0.0499
4.75 0.0629
5 0.0696
5.25 0.0662
5.5 0.0933
5.75 0.1094
6 0.1197
6.25 0.1448
6.5 0.1748
6.75 0.2016
7 0.2251
7.25 0.2164
7.5 0.26
7.75 0.2942
8 0.3176
8.25 0.3542
8.5 0.4024
8.75 0.4369
9 0.4674
9.25 0.4581
9.5 0.5128
9.75 0.5545
10 0.5918
10.25 0.6204
10.5 0.6586
10.75 0.6925
11 0.7246
11.25 0.7174
11.5 0.7584
11.75 0.7934
12 0.8191
12.25 0.8323
12.5 0.8649
12.75 0.8931
13 0.9049
13.25 0.8929
13.5 0.9178
13.75 0.9336
14 0.9423
14.25 0.9616
14.5 0.9721
14.75 0.9802
15 0.9862
15.25 0.9792
15.5 0.9864
15.75 0.9887
16 0.9943
16.25 0.9951
16.5 1
16.75 0.9973
17 0.9981
17.25 0.9792
17.5 0.9776
17.75 0.9761
18 0.9683
18.25 0.9615
18.5 0.9501
18.75 0.9382
19 0.922
19.25 0.9106
19.5 0.8868
19.75 0.8639
20 0.8432
20.25 0.8323
20.5 0.8105
20.75 0.7758
21 0.7566
21.25 0.7501
21.5 0.7099
21.75 0.6752
22 0.6507
22.25 0.6307
22.5 0.6057
22.75 0.5742
23 0.5514
23.25 0.5442
23.5 0.5087
23.75 0.4798
24 0.4599
24.25 0.442
24.5 0.4236
24.75 0.4063
25 0.386
25.25 0.3764
25.5 0.3589
25.75 0.3386
26 0.3245
26.25 0.3102
26.5 0.3055
26.75 0.2915
27 0.2801
27.25 0.2721
27.5 0.2578
27.75 0.2486
28 0.236
28.25 0.2326
28.5 0.2239
28.75 0.2176
29 0.2072
29.25 0.206
29.5 0.1971
29.75 0.1915
30 0.1856
30.25 0.1835
30.5 0.1821
30.75 0.1756
31 0.1641
31.25 0.1628
31.5 0.1579
31.75 0.1528
32 0.1492
32.25 0.1473
32.5 0.1462
32.75 0.1397
33 0.1309
33.25 0.1349
33.5 0.1264
33.75 0.1248
34 0.125
34.25 0.1241
34.5 0.1204
34.75 0.1138
35 0.1086
35.25 0.1069
35.5 0.1054
35.75 0.1015
36 0.0989
36.25 0.1009
36.5 0.0911
36.75 0.0878
37 0.0851
37.25 0.0839
37.5 0.0752
37.75 0.0716
38 0.0677
38.25 0.0671
38.5 0.0602
38.75 0.0568
39 0.0493
39.25 0.0508
39.5 0.0454
39.75 0.0368
40 0.0312
40.25 0.031
40.5 0.0294
40.75 0.0221
41 0.0162
41.25 0.0153
41.5 0.0119
41.75 0.0068
42 0.007
42.25 0.0129
42.5 0.008
42.75 0.0011
43 0.0032
43.25 0.0051
43.5 0.0016
43.75 0.0048
44 0.0017
44.25 0.0051
44.5 0
44.75 0.0078
45 0.0079
45.25 0
45.5 0.0038
45.75 0.0047
46 0.0052
46.25 0.0051
46.5 0.0015
46.75 0.005
47 0.0067
47.25 0.005
47.5 0.0051
47.75 0.0048
48 0.0087
48.25 0.0104
48.5 0.0132
48.75 0.006
49 0.0094
49.25 0.0153
49.5 0.0149
49.75 0.0174
50 0.0208
50.25 0.0207
50.5 0.0256
50.75 0.0309
51 0.0296
51.25 0.033
51.5 0.0398
51.75 0.0417
52 0.0486
52.25 0.0491
52.5 0.0587
52.75 0.048
53 0.057
53.25 0.0586
53.5 0.0662
53.75 0.0687
54 0.0711
54.25 0.075
54.5 0.0697
54.75 0.0768
55 0.0756
55.25 0.0738
55.5 0.0788
55.75 0.0764
56 0.0729
56.25 0.0801
56.5 0.0764
56.75 0.0729
57 0.0734
57.25 0.0687
57.5 0.0729
57.75 0.0657
58 0.0677
58.25 0.0697
58.5 0.0682
58.75 0.064
59 0.0668
59.25 0.0662
59.5 0.0659
59.75 0.0619
60 0.0678
60.25 0.0647
60.5 0.0667
60.75 0.0629
61 0.0622
61.25 0.061
61.5 0.064
61.75 0.0609
62 0.0646
62.25 0.0617
62.5 0.0617
62.75 0.058
63 0.0582
63.25 0.056
63.5 0.0605
63.75 0.0571
64 0.0588
-9999 -9999
67275 0.275
0 0.0077
0.25 -0
0.5 -0
0.75 -0
1 -0
1.25 -0
1.5 -0
1.75 -0
2 -0
2.25 0.0075
2.5 0.0219
2.75 0.0152
3 0.0153
3.25 0.0186
3.5 0.0222
3.75 0.0246
4 0.0305
4.25 0.0344
4.5 0.0517
4.75 0.0577
5 0.0725
5.25 0.08
5.5 0.0939
5.75 0.0975
6 0.1114
6.25 0.137
6.5 0.1551
6.75 0.1822
7 0.208
7.25 0.2247
7.5 0.2534
7.75 0.262
8 0.2868
8.25 0.3236
8.5 0.3474
8.75 0.3947
9 0.4256
9.25 0.4579
9.5 0.4953
9.75 0.5017
10 0.5357
10.25 0.5786
10.5 0.6137
10.75 0.6467
11 0.6814
11.25 0.7078
11.5 0.7429
11.75 0.7461
12 0.7661
12.25 0.7953
12.5 0.8244
12.75 0.8532
13 0.8686
13.25 0.8854
13.5 0.9073
13.75 0.9059
14 0.9171
14.25 0.9284
14.5 0.9426
14.75 0.9565
15 0.9679
15.25 0.9762
15.5 0.9824
15.75 0.9822
16 0.9874
16.25 0.9892
16.5 0.9908
16.75 0.996
17 0.9965
17.25 0.9997
17.5 1
17.75 0.9893
18 0.9919
18.25 0.9818
18.5 0.9724
18.75 0.9658
19 0.9621
19.25 0.9518
19.5 0.9413
19.75 0.9305
20 0.9127
20.25 0.8903
20.5 0.8725
20.75 0.8532
21 0.8304
21.25 0.8112
21.5 0.7887
21.75 0.7719
22 0.754
22.25 0.7153
22.5 0.6913
22.75 0.6652
23 0.6318
23.25 0.6152
23.5 0.5881
23.75 0.5792
24 0.5555
24.25 0.5251
24.5 0.5028
24.75 0.4738
25 0.4543
25.25 0.4368
25.5 0.4167
25.75 0.4089
26 0.3983
26.25 0.3729
26.5 0.3585
26.75 0.3341
27 0.3246
27.25 0.3155
27.5 0.3016
27.75 0.2961
28 0.2854
28.25 0.2702
28.5 0.2624
28.75 0.249
29 0.2387
29.25 0.2348
29.5 0.2253
29.75 0.222
30 0.2167
30.25 0.2055
30.5 0.2069
30.75 0.1914
31 0.1851
31.25 0.1809
31.5 0.1807
31.75 0.175
32 0.1663
32.25 0.1675
32.5 0.1516
32.75 0.1518
33 0.1508
33.25 0.1438
33.5 0.142
33.75 0.1386
34 0.1327
34.25 0.1256
34.5 0.1293
34.75 0.1214
35 0.126
35.25 0.1153
35.5 0.1103
35.75 0.1116
36 0.1069
36.25 0.1028
36.5 0.107
36.75 0.0971
37 0.0878
37.25 0.0867
37.5 0.0834
37.75 0.081
38 0.0778
38.25 0.0723
38.5 0.0701
38.75 0.0577
39 0.0554
39.25 0.0538
39.5 0.0458
39.75 0.0446
40 0.0413
40.25 0.0342
40.5 0.0369
40.75 0.0214
41 0.0191
41.25 0.0193
41.5 0.0187
41.75 0.0129
42 0.0122
42.25 0.0076
42.5 0.0111
42.75 0.0032
43 0.0019
43.25 0.0051
43.5 0.0035
43.75 0.0023
44 0.0075
44.25 -0
44.5 0.0111
44.75 0.0032
45 0.0038
45.25 0.0051
45.5 0.0047
45.75 0.0083
46 0.0107
46.25 0.0038
46.5 0.011
46.75 0.0059
47 0.0096
47.25 0.0042
47.5 0.007
47.75 0.0047
48 0.0076
48.25 0.0113
48.5 0.0185
48.75 0.0091
49 0.0057
49.25 0.0118
49.5 0.0141
49.75 0.0106
50 0.0152
50.25 0.0228
50.5 0.0221
50.75 0.0182
51 0.0268
51.25 0.027
51.5 0.0305
51.75 0.0329
52 0.0321
52.25 0.0495
52.5 0.0479
52.75 0.0456
53 0.0477
53.25 0.0539
53.5 0.0563
53.75 0.0575
54 0.061
54.25 0.0609
54.5 0.0665
54.75 0.0698
55 0.0725
55.25 0.0715
55.5 0.0728
55.75 0.0705
56 0.0732
56.25 0.0723
56.5 0.0813
56.75 0.0729
57 0.0802
57.25 0.0723
57.5 0.0705
57.75 0.074
58 0.0717
58.25 0.0761
58.5 0.0738
58.75 0.0697
59 0.0688
59.25 0.0656
59.5 0.0681
59.75 0.0657
60 0.0687
60.25 0.0647
60.5 0.0665
60.75 0.0608
61 0.0649
61.25 0.0648
61.5 0.0657
61.75 0.0634
62 0.0593
62.25 0.0679
62.5 0.0701
62.75 0.0602
63 0.0611
63.25 0.0597
63.5 0.0622
63.75 0.0612
64 0.0592
-9999 -9999
71250 0.26
0 0.0051
0.25 0.003
0.5 0
0.75 0.0025
1 0.005
1.25 0.0075
1.5 0.0037
1.75 0
2 0.0051
2.25 0.0118
2.5 0.0086
2.75 0.0168
3 0.0162
3.25 0.0259
3.5 0.0303
3.75 0.0303
4 0.0423
4.25 0.0504
4.5 0.0601
4.75 0.0729
5 0.082
5.25 0.0986
5.5 0.1111
5.75 0.1232
6 0.1461
6.25 0.1632
6.5 0.1909
6.75 0.2094
7 0.2353
7.25 0.26
7.5 0.279
7.75 0.3068
8 0.3343
8.25 0.3649
8.5 0.4034
8.75 0.4299
9 0.4628
9.25 0.5023
9.5 0.5239
9.75 0.5551
10 0.5764
10.25 0.5994
10.5 0.6481
10.75 0.6749
11 0.7034
11.25 0.733
11.5 0.7524
11.75 0.7754
12 0.7993
12.25 0.8071
12.5 0.8349
12.75 0.8562
13 0.8696
13.25 0.891
13.5 0.9014
13.75 0.9135
14 0.9223
14.25 0.9259
14.5 0.9399
14.75 0.9515
15 0.959
15.25 0.9679
15.5 0.9733
15.75 0.9806
16 0.9837
16.25 0.9822
16.5 0.985
16.75 0.9888
17 0.9946
17.25 0.9972
17.5 0.9985
17.75 1
18 0.9952
18.25 0.9793
18.5 0.9808
18.75 0.9701
19 0.9676
19.25 0.9595
19.5 0.9519
19.75 0.9416
20 0.9222
20.25 0.9081
20.5 0.8863
20.75 0.8711
21 0.8491
21.25 0.8341
21.5 0.8143
21.75 0.7991
22 0.7762
22.25 0.7449
22.5 0.7148
22.75 0.6915
23 0.6689
23.25 0.6486
23.5 0.6237
23.75 0.6047
24 0.5842
24.25 0.5639
24.5 0.5322
24.75 0.5066
25 0.4854
25.25 0.4656
25.5 0.447
25.75 0.434
26 0.4189
26.25 0.4036
26.5 0.3756
26.75 0.3589
27 0.3505
27.25 0.3352
27.5 0.3244
27.75 0.3152
28 0.3113
28.25 0.2908
28.5 0.279
28.75 0.2636
29 0.2557
29.25 0.2499
29.5 0.2449
29.75 0.2353
30 0.2267
30.25 0.2196
30.5 0.206
30.75 0.2038
31 0.1985
31.25 0.1889
31.5 0.183
31.75 0.175
32 0.1729
32.25 0.1721
32.5 0.1567
32.75 0.1551
33 0.1489
33.25 0.1471
33.5 0.1401
33.75 0.1361
34 0.1422
34.25 0.1306
34.5 0.1287
34.75 0.1215
35 0.1219
35.25 0.1204
35.5 0.1098
35.75 0.1101
36 0.1076
36.25 0.1068
36.5 0.0924
36.75 0.0879
37 0.0874
37.25 0.0836
37.5 0.077
37.75 0.0755
38 0.073
38.25 0.0742
38.5 0.0622
38.75 0.0505
39 0.0497
39.25 0.046
39.5 0.0404
39.75 0.0324
40 0.0269
40.25 0.0326
40.5 0.0235
40.75 0.0168
41 0.0162
41.25 0.0167
41.5 0.0126
41.75 0.0064
42 0.0116
42.25 0.003
42.5 0.0064
42.75 0.0056
43 0.0065
43.25 0.0042
43.5 0.005
43.75 0.0043
44 0.0076
44.25 0.006
44.5 0.0043
44.75 0.0056
45 0.0032
45.25 0.0067
45.5 0
45.75 0.0087
46 0.0077
46.25 0.0089
46.5 0.0065
46.75 0
47 0.0043
47.25 0.0041
47.5 0.0038
47.75 0.0022
48 0.0077
48.25 0.0089
48.5 0.0043
48.75 0.0076
49 0.0087
49.25 0.0109
49.5 0.0114
49.75 0.0152
50 0.0115
50.25 0.0148
50.5 0.0149
50.75 0.0168
51 0.0195
51.25 0.0234
51.5 0.0227
51.75 0.0259
52 0.0269
52.25 0.0326
52.5 0.0365
52.75 0.0411
53 0.0399
53.25 0.0426
53.5 0.0479
53.75 0.0497
54 0.0499
54.25 0.0563
54.5 0.0601
54.75 0.0636
55 0.0592
55.25 0.0635
55.5 0.0682
55.75 0.0669
56 0.0653
56.25 0.0682
56.5 0.0729
56.75 0.0691
57 0.0659
57.25 0.0719
57.5 0.0707
57.75 0.0712
58 0.0653
58.25 0.0742
58.5 0.0665
58.75 0.0711
59 0.067
59.25 0.066
59.5 0.0644
59.75 0.0691
60 0.0691
60.25 0.0682
60.5 0.0623
60.75 0.0636
61 0.0637
61.25 0.0637
61.5 0.0619
61.75 0.0666
62 0.0767
62.25 0.0593
62.5 0.0601
62.75 0.0617
63 0.0603
63.25 0.0601
63.5 0.0619
63.75 0.0602
64 0.0613
-9999 -9999
75225 0.245
0 0.0073
0.25 0.0049
0.5 0.0024
0.75 0
1 0
1.25 0
1.5 0.0076
1.75 0
2 0.0148
2.25 0.0158
2.5 0.0156
2.75 0.0161
3 0.0159
3.25 0.019
3.5 0.0289
3.75 0.0395
4 0.0442
4.25 0.0633
4.5 0.0625
4.75 0.0663
5 0.0796
5.25 0.0922
5.5 0.1068
5.75 0.1217
6 0.1476
6.25 0.1898
6.5 0.1875
6.75 0.2009
7 0.2243
7.25 0.2519
7.5 0.2817
7.75 0.3103
8 0.3323
8.25 0.3955
8.5 0.3906
8.75 0.4188
9 0.4539
9.25 0.4839
9.5 0.5206
9.75 0.5535
10 0.5834
10.25 0.6485
10.5 0.6406
10.75 0.6618
11 0.6903
11.25 0.7183
11.5 0.743
11.75 0.7755
12 0.7901
12.25 0.8384
12.5 0.8281
12.75 0.8414
13 0.854
13.25 0.8724
13.5 0.8863
13.75 0.9033
14 0.9157
14.25 0.9333
14.5 0.9375
14.75 0.9328
15 0.9418
15.25 0.9495
15.5 0.9566
15.75 0.9671
16 0.9747
16.25 0.9807
16.5 0.9844
16.75 0.985
17 0.985
17.25 0.9892
17.5 0.9956
17.75 0.9975
18 0.9969
18.25 0.9965
18.5 1
18.75 0.991
19 0.9858
19.25 0.9773
19.5 0.9754
19.75 0.964
20 0.96
20.25 0.9649
20.5 0.9375
20.75 0.9297
21 0.9077
21.25 0.8883
21.5 0.8712
21.75 0.8546
22 0.8492
22.25 0.8225
22.5 0.7969
22.75 0.778
23 0.7501
23.25 0.7278
23.5 0.7026
23.75 0.6722
24 0.6646
24.25 0.6327
24.5 0.6094
24.75 0.5973
25 0.566
25.25 0.5443
25.5 0.5241
25.75 0.5048
26 0.4873
26.25 0.4587
26.5 0.4375
26.75 0.4307
27 0.4122
27.25 0.3941
27.5 0.3796
27.75 0.365
28 0.3545
28.25 0.3322
28.5 0.3125
28.75 0.3182
29 0.3
29.25 0.2932
29.5 0.279
29.75 0.2646
30 0.2732
30.25 0.2373
30.5 0.25
30.75 0.2379
31 0.225
31.25 0.2185
31.5 0.2074
31.75 0.1977
32 0.2068
32.25 0.1898
32.5 0.1875
32.75 0.1796
33 0.1712
33.25 0.1629
33.5 0.1583
33.75 0.1521
34 0.155
34.25 0.1424
34.5 0.1406
34.75 0.1395
35 0.1303
35.25 0.1248
35.5 0.1245
35.75 0.1186
36 0.1255
36.25 0.1107
36.5 0.1094
36.75 0.1054
37 0.0962
37.25 0.0898
37.5 0.0854
37.75 0.0821
38 0.0812
38.25 0.0633
38.5 0.0625
38.75 0.0633
39 0.0553
39.25 0.0501
39.5 0.0453
39.75 0.0365
40 0.0369
40.25 0.0316
40.5 0.0156
40.75 0.0251
41 0.0182
41.25 0.0167
41.5 0.0151
41.75 0.0121
42 0.0221
42.25 0
42.5 0.0156
42.75 0.005
43 0.0031
43.25 0.0056
43.5 0.0063
43.75 0.003
44 0.0147
44.25 0
44.5 0
44.75 0.003
45 0.0031
45.25 0.0056
45.5 0.0038
45.75 0.003
46 0.0073
46.25 0
46.5 0
46.75 0.008
47 0.003
47.25 0.0071
47.5 0.0076
47.75 0.006
48 0.0073
48.25 0.0158
48.5 0
48.75 0.006
49 0.0053
49.25 0.0064
49.5 0.0088
49.75 0.0121
50 0.0147
50.25 0.0158
50.5 0.0156
50.75 0.012
51 0.0137
51.25 0.0167
51.5 0.0151
51.75 0.0152
52 0.0221
52.25 0.0316
52.5 0.0312
52.75 0.0321
53 0.0311
53.25 0.0342
53.5 0.0365
53.75 0.0426
54 0.0516
54.25 0.0475
54.5 0.0625
54.75 0.0542
55 0.0515
55.25 0.0556
55.5 0.0578
55.75 0.0608
56 0.0664
56.25 0.0633
56.5 0.0625
56.75 0.0652
57 0.0644
57.25 0.0644
57.5 0.0692
57.75 0.0639
58 0.0664
58.25 0.0633
58.5 0.0781
58.75 0.0692
59 0.0629
59.25 0.0684
59.5 0.0667
59.75 0.0669
60 0.0738
60.25 0.0633
60.5 0.0625
60.75 0.0622
61 0.0629
61.25 0.0588
61.5 0.0621
61.75 0.0656
62 0.0644
62.25 0.0633
62.5 0.0781
62.75 0.0624
63 0.0629
63.25 0.0628
63.5 0.062
63.75 0.0655
64 0.0644
-9999 -9999
79200 0.23
0 -0
0.25 -0
0.5 -0
0.75 -0
1 0.0017
1.25 0.0034
1.5 0.005
1.75 0.003
2 0.015
2.25 -0
2.5 0.0155
2.75 0.0138
3 0.018
3.25 0.0211
3.5 0.0314
3.75 0.0411
4 0.0457
4.25 0.0464
4.5 0.0735
4.75 0.0742
5 0.084
5.25 0.1011
5.5 0.1194
5.75 0.1443
6 0.1677
6.25 0.1936
6.5 0.1972
6.75 0.2206
7 0.2458
7.25 0.2698
7.5 0.3089
7.75 0.3453
8 0.371
8.25 0.4025
8.5 0.4369
8.75 0.455
9 0.4831
9.25 0.5193
9.5 0.5603
9.75 0.598
10 0.6202
10.25 0.658
10.5 0.6766
10.75 0.6929
11 0.7229
11.25 0.7468
11.5 0.7749
11.75 0.8015
12 0.8235
12.25 0.8436
12.5 0.8506
12.75 0.8635
13 0.8693
13.25 0.8845
13.5 0.8961
13.75 0.9149
14 0.9251
14.25 0.9287
14.5 0.9357
14.75 0.9359
15 0.9429
15.25 0.9549
15.5 0.9599
15.75 0.9638
16 0.9759
16.25 0.983
16.5 0.9821
16.75 0.9841
17 0.9875
17.25 0.9886
17.5 0.994
17.75 1
18 0.9962
18.25 0.9985
18.5 0.9976
18.75 0.9997
19 0.9934
19.25 0.9944
19.5 0.9832
19.75 0.9767
20 0.9657
20.25 0.9675
20.5 0.9512
20.75 0.9394
21 0.9266
21.25 0.9087
21.5 0.8871
21.75 0.8737
22 0.8691
22.25 0.8358
22.5 0.8197
22.75 0.8014
23 0.7776
23.25 0.7593
23.5 0.7273
23.75 0.6984
24 0.6861
24.25 0.6579
24.5 0.6341
24.75 0.617
25 0.5986
25.25 0.5763
25.5 0.5494
25.75 0.5204
26 0.5133
26.25 0.4876
26.5 0.4524
26.75 0.4498
27 0.4368
27.25 0.4211
27.5 0.4013
27.75 0.3788
28 0.376
28.25 0.3637
28.5 0.3403
28.75 0.3292
29 0.3212
29.25 0.3112
29.5 0.2981
29.75 0.2885
30 0.2794
30.25 0.263
30.5 0.2475
30.75 0.2464
31 0.2415
31.25 0.2284
31.5 0.2199
31.75 0.2113
32 0.2083
32.25 0.2013
32.5 0.1856
32.75 0.181
33 0.1772
33.25 0.1686
33.5 0.166
33.75 0.1572
34 0.1575
34.25 0.147
34.5 0.1392
34.75 0.1396
35 0.1345
35.25 0.1282
35.5 0.1274
35.75 0.1262
36 0.122
36.25 0.1084
36.5 0.1044
36.75 0.1034
37 0.1002
37.25 0.0925
37.5 0.0898
37.75 0.0798
38 0.0812
38.25 0.0696
38.5 0.058
38.75 0.0586
39 0.0514
39.25 0.0434
39.5 0.0412
39.75 0.0334
40 0.0355
40.25 0.0233
40.5 0.0232
40.75 0.0189
41 0.0146
41.25 0.0106
41.5 0.0124
41.75 0.0102
42 0.005
42.25 0.0077
42.5 0.0039
42.75 0.0051
43 0.0026
43.25 0.0019
43.5 0.0036
43.75 0.0051
44 0.005
44.25 -0
44.5 0.0077
44.75 0.0069
45 0.0077
45.25 0.0039
45.5 0.0063
45.75 0.0128
46 0.0203
46.25 -0
46.5 0.0077
46.75 0.0051
47 0.0086
47.25 0.0077
47.5 0.009
47.75 0.0076
48 0.005
48.25 0.0078
48.5 0.0116
48.75 0.0069
49 0.0051
49.25 0.0077
49.5 0.0098
49.75 0.0103
50 0.0151
50.25 0.0078
50.5 0.0116
50.75 0.0104
51 0.0129
51.25 0.0115
51.5 0.0188
51.75 0.0232
52 0.0254
52.25 0.0155
52.5 0.0232
52.75 0.0276
53 0.03
53.25 0.0328
53.5 0.0368
53.75 0.0386
54 0.0457
54.25 0.0464
54.5 0.0464
54.75 0.0483
55 0.0531
55.25 0.0539
55.5 0.0574
55.75 0.0568
56 0.066
56.25 0.0619
56.5 0.0658
56.75 0.0638
57 0.0651
57.25 0.0626
57.5 0.0682
57.75 0.0617
58 0.0762
58.25 0.0696
58.5 0.0657
58.75 0.0672
59 0.0686
59.25 0.0636
59.5 0.0664
59.75 0.0644
60 0.0609
60.25 0.0698
60.5 0.058
60.75 0.0621
61 0.0668
61.25 0.0626
61.5 0.0649
61.75 0.0612
62 0.0767
62.25 0.0619
62.5 0.0619
62.75 0.0621
63 0.0659
63.25 0.0626
63.5 0.0651
63.75 0.0612
64 0.0614
-9999 -9999
90150 0.21
0 0
0.25 0
0.5 0.0162
0.75 0.0081
1 0
1.25 0.0106
1.5 0.0046
1.75 0.0054
2 0.0126
2.25 0.016
2.5 0.0242
2.75 0.0127
3 0.0209
3.25 0.0278
3.5 0.0273
3.75 0.0344
4 0.0456
4.25 0.0639
4.5 0.0726
4.75 0.0769
5 0.0853
5.25 0.1068
5.5 0.1205
5.75 0.1311
6 0.1591
6.25 0.1917
6.5 0.2016
6.75 0.2181
7 0.2431
7.25 0.2722
7.5 0.3044
7.75 0.331
8 0.3651
8.25 0.4073
8.5 0.4274
8.75 0.4394
9 0.478
9.25 0.5183
9.5 0.5554
9.75 0.5812
10 0.6171
10.25 0.6469
10.5 0.6694
10.75 0.6799
11 0.7148
11.25 0.7408
11.5 0.7666
11.75 0.783
12 0.8071
12.25 0.8385
12.5 0.8387
12.75 0.8466
13 0.8679
13.25 0.8799
13.5 0.8958
13.75 0.906
14 0.9146
14.25 0.9264
14.5 0.9355
14.75 0.9333
15 0.9392
15.25 0.9473
15.5 0.953
15.75 0.9584
16 0.9707
16.25 0.9743
16.5 0.9839
16.75 0.9813
17 0.9859
17.25 0.9883
17.5 0.994
17.75 0.9988
18 0.9987
18.25 0.9983
18.5 1
18.75 0.9942
19 0.9957
19.25 0.9912
19.5 0.9878
19.75 0.9787
20 0.9766
20.25 0.9743
20.5 0.9597
20.75 0.946
21 0.9363
21.25 0.921
21.5 0.8996
21.75 0.8858
22 0.8735
22.25 0.8465
22.5 0.8387
22.75 0.8081
23 0.7931
23.25 0.7775
23.5 0.7467
23.75 0.7264
24 0.7027
24.25 0.6709
24.5 0.6613
24.75 0.6381
25 0.6156
25.25 0.5974
25.5 0.5716
25.75 0.5447
26 0.5258
26.25 0.5031
26.5 0.492
26.75 0.465
27 0.4507
27.25 0.4408
27.5 0.4175
27.75 0.4036
28 0.3859
28.25 0.3674
28.5 0.3549
28.75 0.3463
29 0.3312
29.25 0.3236
29.5 0.3069
29.75 0.3006
30 0.2857
30.25 0.2636
30.5 0.2662
30.75 0.2501
31 0.2418
31.25 0.2416
31.5 0.2274
31.75 0.22
32 0.2091
32.25 0.1917
32.5 0.2016
32.75 0.1956
33 0.1775
33.25 0.1757
33.5 0.1677
33.75 0.1655
34 0.1575
34.25 0.1438
34.5 0.1532
34.75 0.1443
35 0.1356
35.25 0.1332
35.5 0.128
35.75 0.1272
36 0.1208
36.25 0.1118
36.5 0.1129
36.75 0.1058
37 0.1006
37.25 0.0996
37.5 0.0857
37.75 0.0848
38 0.0751
38.25 0.0639
38.5 0.0726
38.75 0.0673
39 0.0551
39.25 0.0527
39.5 0.0398
39.75 0.0404
40 0.0338
40.25 0.024
40.5 0.0323
40.75 0.0192
41 0.0196
41.25 0.0175
41.5 0.0099
41.75 0.006
42 0.0073
42.25 0
42.5 0
42.75 0.0032
43 0.007
43.25 0.0088
43.5 0.005
43.75 0.0061
44 0.0088
44.25 0.008
44.5 0.0081
44.75 0.0064
45 0.0063
45.25 0.0117
45.5 0.0062
45.75 0.0081
46 0.0074
46.25 0.008
46.5 0.0242
46.75 0.0064
47 0.0049
47.25 0.0103
47.5 0.0025
47.75 0.006
48 0.0118
48.25 0.008
48.5 0.0242
48.75 0.0096
49 0.0063
49.25 0.0132
49.5 0.0075
49.75 0.0081
50 0.0117
50.25 0.016
50.5 0.0081
50.75 0.016
51 0.0133
51.25 0.0117
51.5 0.0137
51.75 0.0182
52 0.0191
52.25 0.024
52.5 0.0242
52.75 0.032
53 0.0279
53.25 0.0337
53.5 0.0311
53.75 0.0363
54 0.0412
54.25 0.0479
54.5 0.0565
54.75 0.0513
55 0.0489
55.25 0.0527
55.5 0.0509
55.75 0.0585
56 0.0559
56.25 0.0639
56.5 0.0726
56.75 0.0577
57 0.0629
57.25 0.0658
57.5 0.0634
57.75 0.0626
58 0.0633
58.25 0.0639
58.5 0.0645
58.75 0.0705
59 0.065
59.25 0.0687
59.5 0.0659
59.75 0.0646
60 0.0663
60.25 0.0639
60.5 0.0726
60.75 0.0673
61 0.0642
61.25 0.0676
61.5 0.0622
61.75 0.0674
62 0.0621
62.25 0.0638
62.5 0.0643
62.75 0.0577
63 0.0613
63.25 0.0646
63.5 0.0644
63.75 0.0593
64 0.0674
-9999 -9999
101100 0.19
0 0
0.25 0
0.5 0.017
0.75 0.0078
1 0.0062
1.25 0.0047
1.5 0.0031
1.75 0.0016
2 0
2.25 0.0155
2.5 0.017
2.75 0.0128
3 0.0165
3.25 0.0165
3.5 0.0191
3.75 0.0263
4 0.0275
4.25 0.0359
4.5 0.0511
4.75 0.0575
5 0.0603
5.25 0.0659
5.5 0.0836
5.75 0.0993
6 0.1074
6.25 0.1311
6.5 0.1533
6.75 0.1784
7 0.1921
7.25 0.2171
7.5 0.2465
7.75 0.2702
8 0.2921
8.25 0.3114
8.5 0.3578
8.75 0.3926
9 0.423
9.25 0.4476
9.5 0.4784
9.75 0.5097
10 0.5376
10.25 0.5573
10.5 0.6134
10.75 0.6396
11 0.6619
11.25 0.6885
11.5 0.7122
11.75 0.7348
12 0.7554
12.25 0.7737
12.5 0.8008
12.75 0.8289
13 0.8404
13.25 0.8513
13.5 0.857
13.75 0.8702
14 0.885
14.25 0.8921
14.5 0.903
14.75 0.914
15 0.9258
15.25 0.9308
15.5 0.9316
15.75 0.9395
16 0.9487
16.25 0.9512
16.5 0.9712
16.75 0.9661
17 0.9697
17.25 0.9787
17.5 0.9816
17.75 0.9817
18 0.9843
18.25 0.9872
18.5 0.9882
18.75 0.9964
19 1
19.25 0.9981
19.5 0.9889
19.75 0.9885
20 0.9846
20.25 0.9808
20.5 0.9712
20.75 0.9715
21 0.9587
21.25 0.9534
21.5 0.9397
21.75 0.9185
22 0.9073
22.25 0.8888
22.5 0.886
22.75 0.8563
23 0.8407
23.25 0.8245
23.5 0.8006
23.75 0.7778
24 0.7584
24.25 0.7446
24.5 0.7156
24.75 0.6886
25 0.6759
25.25 0.6538
25.5 0.6259
25.75 0.6016
26 0.5793
26.25 0.5642
26.5 0.5282
26.75 0.5077
27 0.4945
27.25 0.4804
27.5 0.4595
27.75 0.4404
28 0.4249
28.25 0.4069
28.5 0.3919
28.75 0.3758
29 0.3653
29.25 0.3532
29.5 0.3385
29.75 0.3237
30 0.3173
30.25 0.305
30.5 0.2897
30.75 0.288
31 0.272
31.25 0.2618
31.5 0.2512
31.75 0.2401
32 0.2318
32.25 0.2229
32.5 0.2045
32.75 0.2029
33 0.2008
33.25 0.1916
33.5 0.1874
33.75 0.1792
34 0.171
34.25 0.1672
34.5 0.1704
34.75 0.1618
35 0.1483
35.25 0.1465
35.5 0.1419
35.75 0.1393
36 0.1297
36.25 0.1211
36.5 0.1022
36.75 0.1125
37 0.1071
37.25 0.1078
37.5 0.1001
37.75 0.0971
38 0.0854
38.25 0.0884
38.5 0.0852
38.75 0.0767
39 0.063
39.25 0.063
39.5 0.0537
39.75 0.0505
40 0.0387
40.25 0.0392
40.5 0.0341
40.75 0.0275
41 0.0219
41.25 0.0209
41.5 0.0164
41.75 0.0188
42 0.011
42.25 0.0065
42.5 0.017
42.75 0.0082
43 0.0055
43.25 0.0046
43.5 0.0046
43.75 0.0052
44 0.0027
44.25 0.0094
44.5 0
44.75 0.0029
45 0.0055
45.25 0.0016
45.5 0.0055
45.75 0.0083
46 0
46.25 0.013
46.5 0.017
46.75 0.008
47 0.0084
47.25 0.0089
47.5 0.0064
47.75 0.0092
48 0.0027
48.25 0.0162
48.5 0.017
48.75 0.0054
49 0.0055
49.25 0.0105
49.5 0.0046
49.75 0.0083
50 0.0027
50.25 0.0131
50.5 0.017
50.75 0.008
51 0.0083
51.25 0.0106
51.5 0.01
51.75 0.0128
52 0.0137
52.25 0.0229
52.5 0.017
52.75 0.0245
53 0.0218
53.25 0.0254
53.5 0.0264
53.75 0.0316
54 0.0304
54.25 0.0359
54.5 0.0511
54.75 0.0411
55 0.0384
55.25 0.048
55.5 0.0473
55.75 0.0505
56 0.0497
56.25 0.0557
56.5 0.0511
56.75 0.0547
57 0.0521
57.25 0.0583
57.5 0.0582
57.75 0.0632
58 0.058
58.25 0.0589
58.5 0.0682
58.75 0.0658
59 0.0631
59.25 0.0644
59.5 0.0664
59.75 0.067
60 0.0606
60.25 0.0654
60.5 0.0682
60.75 0.0631
61 0.0576
61.25 0.0599
61.5 0.0655
61.75 0.0633
62 0.0546
62.25 0.0617
62.5 0.0619
62.75 0.0622
63 0.0605
63.25 0.0599
63.5 0.0655
63.75 0.0648
64 0.0671
-9999 -9999
112050 0.17
0 -0
0.25 -0
0.5 -0
0.75 0.0016
1 0.0032
1.25 0.0048
1.5 0.0065
1.75 0.0081
2 0.0052
2.25 0.0057
2.5 0.0107
2.75 0.0129
3 0.0152
3.25 0.0165
3.5 0.0196
3.75 0.0262
4 0.0326
4.25 0.0386
4.5 0.061
4.75 0.0611
5 0.0675
5.25 0.0813
5.5 0.095
5.75 0.1118
6 0.1305
6.25 0.1636
6.5 0.1856
6.75 0.2
7 0.2193
7.25 0.2413
7.5 0.2652
7.75 0.2862
8 0.3298
8.25 0.3704
8.5 0.3995
8.75 0.4222
9 0.4511
9.25 0.4763
9.5 0.5024
9.75 0.5328
10 0.5644
10.25 0.6158
10.5 0.6439
10.75 0.6648
11 0.6813
11.25 0.7076
11.5 0.7305
11.75 0.7499
12 0.7763
12.25 0.8094
12.5 0.8245
12.75 0.837
13 0.8472
13.25 0.8556
13.5 0.8686
13.75 0.875
14 0.8906
14.25 0.9044
14.5 0.9135
14.75 0.9185
15 0.9286
15.25 0.9297
15.5 0.9398
15.75 0.9375
16 0.9494
16.25 0.9559
16.5 0.969
16.75 0.9685
17 0.9726
17.25 0.9787
17.5 0.9801
17.75 0.9834
18 0.9852
18.25 0.9949
18.5 0.9941
18.75 1
19 0.9989
19.25 0.9908
19.5 0.9976
19.75 0.9898
20 0.9819
20.25 0.9774
20.5 0.9692
20.75 0.9685
21 0.9601
21.25 0.9483
21.5 0.9367
21.75 0.9274
22 0.9101
22.25 0.8871
22.5 0.8773
22.75 0.8574
23 0.8471
23.25 0.8252
23.5 0.8089
23.75 0.7827
24 0.7634
24.25 0.7279
24.5 0.7166
24.75 0.6999
25 0.6817
25.25 0.655
25.5 0.6437
25.75 0.6215
26 0.5871
26.25 0.5514
26.5 0.5416
26.75 0.5241
27 0.5077
27.25 0.4886
27.5 0.4735
27.75 0.4573
28 0.4339
28.25 0.4048
28.5 0.3943
28.75 0.3871
29 0.3725
29.25 0.3563
29.5 0.3467
29.75 0.3355
30 0.3164
30.25 0.2971
30.5 0.2944
30.75 0.2833
31 0.2745
31.25 0.2647
31.5 0.2558
31.75 0.2466
32 0.238
32.25 0.2153
32.5 0.2191
32.75 0.2112
33 0.2028
33.25 0.1915
33.5 0.1888
33.75 0.1842
34 0.1727
34.25 0.1595
34.5 0.1639
34.75 0.1518
35 0.1532
35.25 0.1443
35.5 0.1403
35.75 0.1284
36 0.1304
36.25 0.1206
36.5 0.1247
36.75 0.1112
37 0.1062
37.25 0.1017
37.5 0.0979
37.75 0.0888
38 0.0848
38.25 0.0731
38.5 0.0747
38.75 0.0667
39 0.0663
39.25 0.0546
39.5 0.0517
39.75 0.0427
40 0.0425
40.25 0.0259
40.5 0.0303
40.75 0.0222
41 0.0207
41.25 0.0176
41.5 0.0134
41.75 0.0099
42 0.0132
42.25 0.0131
42.5 0.0081
42.75 0.0056
43 0.0028
43.25 0.0027
43.5 0.001
43.75 0.0035
44 -0
44.25 0.0044
44.5 0.0082
44.75 -0
45 0.0042
45.25 0.0045
45.5 0.0062
45.75 -0
46 0.0034
46.25 0.0087
46.5 0.0109
46.75 0.0018
47 0.007
47.25 0.0047
47.5 0.0042
47.75 0.0165
48 0.0034
48.25 0.0085
48.5 0.0112
48.75 0.0094
49 0.0097
49.25 0.0065
49.5 0.0061
49.75 -0
50 -0
50.25 -0
50.5 0.0052
50.75 0.0093
51 0.0069
51.25 0.0111
51.5 0.0073
51.75 0.0064
52 0.023
52.25 0.0172
52.5 0.0166
52.75 0.0167
53 0.0207
53.25 0.0203
53.5 0.0195
53.75 0.0263
54 0.0326
54.25 0.0258
54.5 0.0389
54.75 0.0352
55 0.0387
55.25 0.0426
55.5 0.0424
55.75 0.043
56 0.0487
56.25 0.0517
56.5 0.061
56.75 0.0573
57 0.0566
57.25 0.0536
57.5 0.0619
57.75 0.0558
58 0.0553
58.25 0.0646
58.5 0.0665
58.75 0.0593
59 0.0635
59.25 0.0609
59.5 0.0639
59.75 0.0624
60 0.062
60.25 0.0604
60.5 0.0694
60.75 0.0685
61 0.0608
61.25 0.0574
61.5 0.065
61.75 0.0599
62 0.0646
62.25 0.0573
62.5 0.0694
62.75 0.0629
63 0.0592
63.25 0.063
63.5 0.0629
63.75 0.0545
64 0.0655
-9999 -9999
123000 0.15
0 0
0.25 0
0.5 0
0.75 0.004
1 0.008
1.25 0.0043
1.5 0.0035
1.75 0.0095
2 0.0172
2.25 0.0098
2.5 0.0134
2.75 0.0104
3 0.0197
3.25 0.0211
3.5 0.028
3.75 0.0384
4 0.0341
4.25 0.0493
4.5 0.0527
4.75 0.0692
5 0.078
5.25 0.0922
5.5 0.11
5.75 0.1368
6 0.1352
6.25 0.1612
6.5 0.191
6.75 0.2138
7 0.2363
7.25 0.2609
7.5 0.2926
7.75 0.3195
8 0.3374
8.25 0.3763
8.5 0.4114
8.75 0.4455
9 0.4649
9.25 0.4949
9.5 0.5315
9.75 0.5676
10 0.5733
10.25 0.6231
10.5 0.6619
10.75 0.6822
11 0.7022
11.25 0.7246
11.5 0.7466
11.75 0.7732
12 0.7833
12.25 0.8139
12.5 0.8331
12.75 0.8457
13 0.8593
13.25 0.8643
13.5 0.8776
13.75 0.8877
14 0.8926
14.25 0.9091
14.5 0.9217
14.75 0.9275
15 0.9306
15.25 0.9321
15.5 0.9477
15.75 0.9464
16 0.9431
16.25 0.9618
16.5 0.9679
16.75 0.9768
17 0.9757
17.25 0.982
17.5 0.9807
17.75 0.9886
18 0.9937
18.25 0.9931
18.5 0.9976
18.75 0.9997
19 1
19.25 0.9922
19.5 0.9923
19.75 0.989
20 0.9851
20.25 0.9783
20.5 0.9743
20.75 0.9609
21 0.9559
21.25 0.9432
21.5 0.9245
21.75 0.9104
22 0.8926
22.25 0.8797
22.5 0.869
22.75 0.8552
23 0.836
23.25 0.8178
23.5 0.7958
23.75 0.773
24 0.7574
24.25 0.7219
24.5 0.7077
24.75 0.6822
25 0.6647
25.25 0.6447
25.5 0.6155
25.75 0.6002
26 0.5807
26.25 0.5493
26.5 0.5235
26.75 0.5113
27 0.4988
27.25 0.4782
27.5 0.4564
27.75 0.4437
28 0.4122
28.25 0.3996
28.5 0.3852
28.75 0.372
29 0.3615
29.25 0.3485
29.5 0.3323
29.75 0.3297
30 0.3197
30.25 0.2943
30.5 0.2866
30.75 0.28
31 0.2735
31.25 0.2629
31.5 0.2457
31.75 0.2508
32 0.2355
32.25 0.2153
32.5 0.2106
32.75 0.2023
33 0.1988
33.25 0.1886
33.5 0.1849
33.75 0.1854
34 0.1681
34.25 0.1612
34.5 0.1613
34.75 0.151
35 0.1472
35.25 0.1454
35.5 0.1357
35.75 0.14
36 0.1262
36.25 0.1166
36.5 0.1217
36.75 0.109
37 0.1087
37.25 0.1031
37.5 0.0961
37.75 0.0943
38 0.0925
38.25 0.0757
38.5 0.069
38.75 0.0652
39 0.0615
39.25 0.0566
39.5 0.0466
39.75 0.0551
40 0.0251
40.25 0.0298
40.5 0.0297
40.75 0.0211
41 0.0187
41.25 0.0167
41.5 0.0115
41.75 0.0228
42 0.0168
42.25 0.0032
42.5 0
42.75 0.0041
43 0.0033
43.25 0.0032
43.5 0
43.75 0.0129
44 0
44.25 0
44.5 0.0033
44.75 0.0031
45 0.0043
45.25 0.0068
45.5 0.0071
45.75 0.0158
46 0.0082
46.25 0.005
46.5 0.0064
46.75 0.0053
47 0.0098
47.25 0.0066
47.5 0.0118
47.75 0.016
48 0
48.25 0.0068
48.5 0.0097
48.75 0.0021
49 0.0088
49.25 0.0056
49.5 0.0046
49.75 0.0125
50 0.0082
50.25 0.0065
50.5 0.0165
50.75 0.0073
51 0.0131
51.25 0.0099
51.5 0.0119
51.75 0.0227
52 0.0168
52.25 0.0164
52.5 0.0196
52.75 0.02
53 0.0198
53.25 0.0277
53.5 0.0281
53.75 0.0358
54 0.0251
54.25 0.031
54.5 0.0364
54.75 0.0398
55 0.0418
55.25 0.0455
55.5 0.0445
55.75 0.0555
56 0.0505
56.25 0.0559
56.5 0.0527
56.75 0.0565
57 0.0592
57.25 0.0611
57.5 0.0633
57.75 0.0715
58 0.0592
58.25 0.0658
58.5 0.0659
58.75 0.0661
59 0.0626
59.25 0.0656
59.5 0.0632
59.75 0.0749
60 0.0505
60.25 0.0659
60.5 0.0659
60.75 0.0608
61 0.0671
61.25 0.065
61.5 0.0652
61.75 0.0655
62 0.0658
62.25 0.062
62.5 0.0626
62.75 0.0619
63 0.0647
63.25 0.0636
63.5 0.0652
63.75 0.0655
64 0.0658
-9999 -9999
154750 0.1315
0 0
0.25 0.008
0.5 0
0.75 0
1 0
1.25 0
1.5 0
1.75 0.0054
2 0.0084
2.25 0.01
2.5 0.0055
2.75 0.012
3 0.0133
3.25 0.0188
3.5 0.024
3.75 0.0252
4 0.0299
4.25 0.0551
4.5 0.0533
4.75 0.0663
5 0.0775
5.25 0.0923
5.5 0.0981
5.75 0.1115
6 0.1404
6.25 0.1656
6.5 0.1846
6.75 0.2083
7 0.2249
7.25 0.2559
7.5 0.2649
7.75 0.2923
8 0.3276
8.25 0.3828
8.5 0.4018
8.75 0.4377
9 0.4607
9.25 0.4927
9.5 0.502
9.75 0.5344
10 0.5682
10.25 0.6242
10.5 0.6354
10.75 0.6767
11 0.696
11.25 0.7213
11.5 0.7335
11.75 0.7461
12 0.7718
12.25 0.806
12.5 0.8158
12.75 0.84
13 0.8472
13.25 0.8585
13.5 0.8649
13.75 0.8742
14 0.8819
14.25 0.9093
14.5 0.906
14.75 0.9179
15 0.923
15.25 0.9308
15.5 0.9352
15.75 0.9353
16 0.9423
16.25 0.9538
16.5 0.9552
16.75 0.9652
17 0.9717
17.25 0.979
17.5 0.9796
17.75 0.98
18 0.9822
18.25 0.9885
18.5 0.992
18.75 0.9985
19 0.9997
19.25 1
19.5 0.9945
19.75 0.9939
20 0.9889
20.25 0.9847
20.5 0.9838
20.75 0.9772
21 0.9731
21.25 0.9665
21.5 0.9556
21.75 0.9438
22 0.9289
22.25 0.9227
22.5 0.906
22.75 0.8871
23 0.8774
23.25 0.8626
23.5 0.8556
23.75 0.8295
24 0.8018
24.25 0.7811
24.5 0.7624
24.75 0.7429
25 0.7306
25.25 0.7096
25.5 0.7037
25.75 0.6736
26 0.6446
26.25 0.6224
26.5 0.5984
26.75 0.5821
27 0.5669
27.25 0.5482
27.5 0.5389
27.75 0.515
28 0.4978
28.25 0.4641
28.5 0.455
28.75 0.4281
29 0.4246
29.25 0.4129
29.5 0.4055
29.75 0.3927
30 0.3675
30.25 0.3541
30.5 0.3442
30.75 0.3195
31 0.3193
31.25 0.308
31.5 0.3018
31.75 0.2896
32 0.2739
32.25 0.268
32.5 0.2459
32.75 0.2366
33 0.2329
33.25 0.2253
33.5 0.2204
33.75 0.2088
34 0.2006
34.25 0.1924
34.5 0.1885
34.75 0.1726
35 0.1725
35.25 0.1677
35.5 0.1649
35.75 0.1532
36 0.1505
36.25 0.1341
36.5 0.1312
36.75 0.123
37 0.1224
37.25 0.1142
37.5 0.1129
37.75 0.1057
38 0.0969
38.25 0.0859
38.5 0.0779
38.75 0.0733
39 0.07
39.25 0.065
39.5 0.0649
39.75 0.0501
40 0.0468
40.25 0.0408
40.5 0.0328
40.75 0.0284
41 0.0235
41.25 0.0261
41.5 0.0241
41.75 0.014
42 0.0132
42.25 0.0169
42.5 0.0082
42.75 0.0166
43 0.0052
43.25 0.0073
43.5 0.0073
43.75 0.0084
44 0.0068
44.25 0.0068
44.5 0
44.75 0.007
45 0.0051
45.25 0.0105
45.5 0.0075
45.75 0.0082
46 0.0102
46.25 0.0134
46.5 0.0123
46.75 0.0119
47 0.0111
47.25 0.0136
47.5 0.011
47.75 0.0055
48 0.0067
48.25 0.0102
48.5 0.0042
48.75 0.0118
49 0.0103
49.25 0.0062
49.5 0.0092
49.75 0.0028
50 0.01
50.25 0.0106
50.5 0.004
50.75 0.0095
51 0.0104
51.25 0.0126
51.5 0.0037
51.75 0.014
52 0.0134
52.25 0.0205
52.5 0.0164
52.75 0.0189
53 0.0199
53.25 0.022
53.5 0.0167
53.75 0.0167
54 0.0301
54.25 0.0311
54.5 0.0369
54.75 0.0309
55 0.0369
55.25 0.043
55.5 0.0426
55.75 0.0364
56 0.0469
56.25 0.0549
56.5 0.0492
56.75 0.0522
57 0.0509
57.25 0.0566
57.5 0.0537
57.75 0.053
58 0.0535
58.25 0.0549
58.5 0.0656
58.75 0.0615
59 0.0619
59.25 0.065
59.5 0.0611
59.75 0.0585
60 0.0634
60.25 0.0652
60.5 0.0614
60.75 0.0639
61 0.0649
61.25 0.066
61.5 0.0583
61.75 0.0551
62 0.0527
62.25 0.0766
62.5 0.0604
62.75 0.0549
63 0.0612
63.25 0.0618
63.5 0.0605
63.75 0.0552
64 0.0527
-9999 -9999
186500 0.113
0 0.0113
0.25 0.0184
0.5 0.0123
0.75 0.0061
1 0
1.25 0
1.5 0
1.75 0.0048
2 0.0116
2.25 0.0119
2.5 0.0121
2.75 0.0126
3 0.0129
3.25 0.0243
3.5 0.0256
3.75 0.0348
4 0.0464
4.25 0.0542
4.5 0.0603
4.75 0.0719
5 0.0741
5.25 0.0905
5.5 0.1065
5.75 0.1248
6 0.1537
6.25 0.1741
6.5 0.1941
6.75 0.2111
7 0.2295
7.25 0.2511
7.5 0.273
7.75 0.307
8 0.3597
8.25 0.3788
8.5 0.4151
8.75 0.4394
9 0.4526
9.25 0.481
9.5 0.5162
9.75 0.5518
10 0.6063
10.25 0.6252
10.5 0.6536
10.75 0.6773
11 0.6886
11.25 0.7143
11.5 0.7381
11.75 0.756
12 0.7885
12.25 0.7938
12.5 0.8196
12.75 0.8337
13 0.8415
13.25 0.8539
13.5 0.8659
13.75 0.8755
14 0.8871
14.25 0.8961
14.5 0.9028
14.75 0.9133
15 0.9155
15.25 0.9266
15.5 0.9211
15.75 0.9327
16 0.9389
16.25 0.9383
16.5 0.9536
16.75 0.959
17 0.9627
17.25 0.9683
17.5 0.9723
17.75 0.9778
18 0.9857
18.25 0.9863
18.5 0.9926
18.75 0.992
19 0.9923
19.25 0.9997
19.5 0.9982
19.75 1
20 0.9915
20.25 0.9986
20.5 0.9816
20.75 0.9851
21 0.9849
21.25 0.972
21.5 0.9723
21.75 0.9651
22 0.9506
22.25 0.9383
22.5 0.9229
22.75 0.9143
23 0.9035
23.25 0.8884
23.5 0.8702
23.75 0.863
24 0.8318
24.25 0.8123
24.5 0.7971
24.75 0.7839
25 0.7739
25.25 0.7629
25.5 0.7379
25.75 0.7229
26 0.6809
26.25 0.6559
26.5 0.6388
26.75 0.6226
27 0.6128
27.25 0.5991
27.5 0.58
27.75 0.5658
28 0.5188
28.25 0.5114
28.5 0.4904
28.75 0.476
29 0.4702
29.25 0.463
29.5 0.4395
29.75 0.4286
30 0.3912
30.25 0.385
30.5 0.375
30.75 0.3652
31 0.3573
31.25 0.3448
31.5 0.3327
31.75 0.3264
32 0.2955
32.25 0.2947
32.5 0.2799
32.75 0.2729
33 0.2629
33.25 0.2579
33.5 0.2431
33.75 0.2442
34 0.2174
34.25 0.2167
34.5 0.2023
34.75 0.1943
35 0.1915
35.25 0.1811
35.5 0.179
35.75 0.1744
36 0.1533
36.25 0.1564
36.5 0.1421
36.75 0.1389
37 0.1304
37.25 0.1255
37.5 0.1151
37.75 0.1094
38 0.0926
38.25 0.0964
38.5 0.0857
38.75 0.0795
39 0.074
39.25 0.0729
39.5 0.0554
39.75 0.0572
40 0.0433
40.25 0.0361
40.5 0.0376
40.75 0.0291
41 0.0276
41.25 0.0241
41.5 0.0171
41.75 0.0199
42 0.0057
42.25 0.0058
42.5 0.004
42.75 0.0116
43 0.0054
43.25 0.0069
43.5 0.0128
43.75 0.0123
44 0.0057
44.25 0.0058
44.5 0.008
44.75 0.0077
45 0.0092
45.25 0.0036
45.5 0.013
45.75 0.0124
46 0.0059
46.25 0.0058
46.5 0.012
46.75 0.0097
47 0.0139
47.25 0.0139
47.5 0.0085
47.75 0.0097
48 0.0087
48.25 0.0119
48.5 0.012
48.75 0.0106
49 0.0102
49.25 0.0105
49.5 0.0043
49.75 0.0149
50 0.0059
50.25 0.0123
50.5 0.0093
50.75 0.0059
51 0.0075
51.25 0.007
51.5 0.0044
51.75 0.0149
52 0.0145
52.25 0.0119
52.5 0.0121
52.75 0.0155
53 0.0109
53.25 0.0175
53.5 0.0215
53.75 0.025
54 0.0203
54.25 0.0238
54.5 0.0267
54.75 0.0311
55 0.0286
55.25 0.0349
55.5 0.0384
55.75 0.0323
56 0.0405
56.25 0.0422
56.5 0.0442
56.75 0.0428
57 0.0426
57.25 0.0488
57.5 0.0512
57.75 0.0523
58 0.0522
58.25 0.06
58.5 0.0602
58.75 0.0563
59 0.0572
59.25 0.0629
59.5 0.0599
59.75 0.0648
60 0.055
60.25 0.06
60.5 0.0616
60.75 0.0631
61 0.0617
61.25 0.0662
61.5 0.052
61.75 0.0703
62 0.0637
62.25 0.0715
62.5 0.0642
62.75 0.0592
63 0.0624
63.25 0.0559
63.5 0.0678
63.75 0.0527
64 0.0636
-9999 -9999
218250 0.0945
0 0
0.25 0
0.5 0
0.75 0
1 0
1.25 0.0036
1.5 0.0039
1.75 0.0065
2 0.0114
2.25 0.0064
2.5 0.0169
2.75 0.0202
3 0.0218
3.25 0.0273
3.5 0.0345
3.75 0.0326
4 0.0423
4.25 0.0505
4.5 0.0744
4.75 0.0823
5 0.0905
5.25 0.1119
5.5 0.1225
5.75 0.1238
6 0.1459
6.25 0.1582
6.5 0.2131
6.75 0.2471
7 0.2526
7.25 0.2802
7.5 0.318
7.75 0.3063
8 0.3458
8.25 0.3669
8.5 0.4425
8.75 0.4773
9 0.4952
9.25 0.5201
9.5 0.5556
9.75 0.5604
10 0.5989
10.25 0.6009
10.5 0.6723
10.75 0.7066
11 0.7128
11.25 0.7363
11.5 0.7548
11.75 0.7559
12 0.7909
12.25 0.7968
12.5 0.8278
12.75 0.8496
13 0.8575
13.25 0.8661
13.5 0.8774
13.75 0.8667
14 0.8828
14.25 0.8852
14.5 0.9071
14.75 0.9142
15 0.9204
15.25 0.931
15.5 0.9311
15.75 0.9318
16 0.9367
16.25 0.9421
16.5 0.9563
16.75 0.9622
17 0.9672
17.25 0.9723
17.5 0.977
17.75 0.9773
18 0.9866
18.25 0.9863
18.5 0.9916
18.75 0.9964
19 0.9965
19.25 0.9968
19.5 1
19.75 0.984
20 0.998
20.25 0.9926
20.5 0.9915
20.75 0.9927
21 0.9878
21.25 0.9846
21.5 0.9847
21.75 0.9774
22 0.9635
22.25 0.9484
22.5 0.9427
22.75 0.9344
23 0.9264
23.25 0.9169
23.5 0.9004
23.75 0.8926
24 0.8713
24.25 0.8597
24.5 0.8363
24.75 0.8154
25 0.8094
25.25 0.789
25.5 0.7739
25.75 0.7754
26 0.7329
26.25 0.7269
26.5 0.6844
26.75 0.6635
27 0.6532
27.25 0.6375
27.5 0.6209
27.75 0.619
28 0.5795
28.25 0.5754
28.5 0.5289
28.75 0.5142
29 0.5054
29.25 0.4937
29.5 0.4789
29.75 0.4757
30 0.4489
30.25 0.4364
30.5 0.4089
30.75 0.3938
31 0.3843
31.25 0.377
31.5 0.3602
31.75 0.3519
32 0.3301
32.25 0.3287
32.5 0.311
32.75 0.2937
33 0.2805
33.25 0.2811
33.5 0.272
33.75 0.2671
34 0.2377
34.25 0.2466
34.5 0.2231
34.75 0.2115
35 0.203
35.25 0.2003
35.5 0.1954
35.75 0.1824
36 0.1686
36.25 0.1643
36.5 0.1521
36.75 0.1406
37 0.1418
37.25 0.1324
37.5 0.1264
37.75 0.1173
38 0.1035
38.25 0.1074
38.5 0.093
38.75 0.0786
39 0.0772
39.25 0.0705
39.5 0.0651
39.75 0.0652
40 0.0459
40.25 0.0505
40.5 0.0407
40.75 0.0266
41 0.0306
41.25 0.0197
41.5 0.0192
41.75 0.0326
42 0.0114
42.25 0.019
42.5 0.012
42.75 0.0063
43 0.0059
43.25 0.0094
43.5 0.0039
43.75 0
44 0.0153
44.25 0.0126
44.5 0.01
44.75 0.0126
45 0.0129
45.25 0.0124
45.5 0.0115
45.75 0.0131
46 0.0114
46.25 0.019
46.5 0.0135
46.75 0.0127
47 0.0146
47.25 0.0112
47.5 0.0231
47.75 0.0195
48 0.0075
48.25 0.0125
48.5 0.0154
48.75 0.0101
49 0.0115
49.25 0.0121
49.5 0.0078
49.75 0
50 0.0038
50.25 0.0062
50.5 0.0085
50.75 0.0087
51 0.0086
51.25 0.0112
51.5 0.0037
51.75 0.0131
52 0.0116
52.25 0.0128
52.5 0.0152
52.75 0.0114
53 0.0145
53.25 0.0168
53.5 0.0155
53.75 0.026
54 0.0153
54.25 0.019
54.5 0.0271
54.75 0.024
55 0.0276
55.25 0.031
55.5 0.0383
55.75 0.0326
56 0.0308
56.25 0.0379
56.5 0.0423
56.75 0.0418
57 0.0394
57.25 0.0469
57.5 0.046
57.75 0.0391
58 0.05
58.25 0.0569
58.5 0.0558
58.75 0.0558
59 0.0554
59.25 0.062
59.5 0.0575
59.75 0.0586
60 0.0574
60.25 0.0634
60.5 0.0643
60.75 0.0622
61 0.0568
61.25 0.0623
61.5 0.0583
61.75 0.078
62 0.0533
62.25 0.0659
62.5 0.0643
62.75 0.0607
63 0.0615
63.25 0.0603
63.5 0.0778
63.75 0.0585
64 0.0582
-9999 -9999
250000 0.076
0 0
0.25 0
0.5 0
0.75 0.0069
1 0
1.25 0
1.5 0
1.75 0
2 0
2.25 0
2.5 0
2.75 0.0156
3 0
3.25 0.0249
3.5 0.0203
3.75 0.0267
4 0.0331
4.25 0.0396
4.5 0.046
4.75 0.0523
5 0.0593
5.25 0.0843
5.5 0.093
5.75 0.1139
6 0.1304
6.25 0.1469
6.5 0.1634
6.75 0.1831
7 0.1845
7.25 0.2296
7.5 0.259
7.75 0.2883
8 0.313
8.25 0.3377
8.5 0.3624
8.75 0.3921
9 0.3961
9.25 0.4549
9.5 0.4867
9.75 0.5235
10 0.5463
10.25 0.5691
10.5 0.5919
10.75 0.6273
11 0.6273
11.25 0.6777
11.5 0.704
11.75 0.7319
12 0.7448
12.25 0.7577
12.5 0.7705
12.75 0.805
13 0.7993
13.25 0.8253
13.5 0.838
13.75 0.8669
14 0.8705
14.25 0.8741
14.5 0.8777
14.75 0.8781
15 0.8789
15.25 0.8957
15.5 0.905
15.75 0.9069
16 0.9125
16.25 0.9181
16.5 0.9237
16.75 0.9304
17 0.925
17.25 0.9413
17.5 0.9465
17.75 0.9609
18 0.9638
18.25 0.9666
18.5 0.9695
18.75 0.9774
19 0.978
19.25 0.9822
19.5 0.9826
19.75 0.9876
20 0.9917
20.25 0.9959
20.5 1
20.75 0.9879
21 0.9845
21.25 0.9867
21.5 0.9879
21.75 0.9811
22 0.9772
22.25 0.9734
22.5 0.9695
22.75 0.9722
23 0.9647
23.25 0.9548
23.5 0.9517
23.75 0.9407
24 0.9316
24.25 0.9225
24.5 0.9134
24.75 0.8989
25 0.8859
25.25 0.8707
25.5 0.858
25.75 0.8337
26 0.821
26.25 0.8084
26.5 0.7958
26.75 0.7735
27 0.7536
27.25 0.7272
27.5 0.7183
27.75 0.6857
28 0.6714
28.25 0.6571
28.5 0.6428
28.75 0.6218
29 0.6147
29.25 0.5794
29.5 0.5629
29.75 0.5312
30 0.5224
30.25 0.5137
30.5 0.505
30.75 0.4704
31 0.4759
31.25 0.4432
31.5 0.439
31.75 0.417
32 0.4072
32.25 0.3975
32.5 0.3877
32.75 0.371
33 0.3703
33.25 0.332
33.5 0.32
33.75 0.3161
34 0.3077
34.25 0.2992
34.5 0.2908
34.75 0.2613
35 0.2776
35.25 0.2499
35.5 0.2376
35.75 0.2153
36 0.2081
36.25 0.201
36.5 0.1938
36.75 0.1829
37 0.1853
37.25 0.1568
37.5 0.1547
37.75 0.1412
38 0.1349
38.25 0.1287
38.5 0.1225
38.75 0.1097
39 0.1059
39.25 0.0932
39.5 0.0874
39.75 0.0673
40 0.0653
40.25 0.0633
40.5 0.0613
40.75 0.047
41 0.0464
41.25 0.0363
41.5 0.0463
41.75 0.027
42 0.0248
42.25 0.0226
42.5 0.0204
42.75 0.0209
43 0.0133
43.25 0.0113
43.5 0.0151
43.75 0.0133
44 0.0123
44.25 0.0112
44.5 0.0101
44.75 0.0104
45 0.0131
45.25 0.0111
45.5 0.0102
45.75 0.0133
46 0.014
46.25 0.0146
46.5 0.0153
46.75 0.0157
47 0.0065
47.25 0.0159
47.5 0.0154
47.75 0.0068
48 0.0114
48.25 0.0159
48.5 0.0205
48.75 0.0157
49 0.0133
49.25 0.0135
49.5 0.0252
49.75 0.0136
50 0.0124
50.25 0.0113
50.5 0.0101
50.75 0.0052
51 0.0198
51.25 0.0091
51.5 0.0102
51.75 0
52 0.0052
52.25 0.0103
52.5 0.0155
52.75 0.0157
53 0.0065
53.25 0.0158
53.5 0.0154
53.75 0.0133
54 0.0157
54.25 0.0181
54.5 0.0204
54.75 0.0158
55 0.0266
55.25 0.0248
55.5 0.0256
55.75 0.0202
56 0.0236
56.25 0.0271
56.5 0.0305
56.75 0.0313
57 0.0198
57.25 0.034
57.5 0.0361
57.75 0.0403
58 0.0422
58.25 0.0441
58.5 0.046
58.75 0.0471
59 0.0462
59.25 0.0478
59.5 0.0512
59.75 0.0469
60 0.0519
60.25 0.0569
60.5 0.0619
60.75 0.063
61 0.04
61.25 0.0611
61.5 0.0542
61.75 0.0601
62 0.0584
62.25 0.0567
62.5 0.055
62.75 0.063
63 0.0589
63.25 0.0551
63.5 0.0683
63.75 0.0614
64 0.0618
