100000000  1
0.016591  -0.00750884
0.0458583  0.00662269
0.0623112  -0.00744099
0.0882251  0.00910407
0.174184  -0
0.191357  0.00703081
0.256341  0.00703773
0.27123  -0
0.333738  0.00741057
0.343355  0.00792448
0.496605  -0
0.498212  -0
0.517695  -0
0.616803  -0
0.760799  -0
0.7867  0.00731099
1.01165  -0
1.21995  0.00808762
1.32474  -0
1.91561  -0
2.01659  0.00750884
2.04586  0.00662269
2.06231  0.00744099
2.08823  0.00910407
2.17418  0.0155135
2.19136  0.00703081
2.25634  0.00703773
2.27123  -0
2.33374  0.00741057
2.34336  -0
2.4966  -0
2.49821  0.00584638
2.5177  -0
2.6168  -0
2.7608  -0
2.7867  0.00731099
3.01165  -0
3.21995  -0
3.32474  -0
3.91561  -0
4.01659  0.00750884
4.04586  -0.00662269
4.06231  -0
4.08823  0.00910407
4.17418  -0
4.19136  -0
4.25634  0.00703773
4.27123  0.00653595
4.33374  0.00741057
4.34336  -0
4.4966  0.00719055
4.49821  -0
4.5177  0.00738527
4.6168  -0
4.7608  -0
4.7867  0.00731099
5.01165  -0
5.21995  -0
5.32474  -0
5.91561  -0
6.01659  0.00750884
6.04586  0.00662269
6.06231  0.00744099
6.08823  -0
6.17418  -0
6.19136  0.00703081
6.25634  -0.00703773
6.27123  -0
6.33374  -0.00741057
6.34336  -0
6.4966  0.00719055
6.49821  -0
6.5177  -0
6.6168  0.00667355
6.7608  -0
6.7867  -0
7.01165  -0
7.21995  -0
7.32474  -0
7.91561  -0.00700287
8.01659  -0.00750884
8.04586  -0
8.06231  0.00744099
8.08823  0.00910407
8.17418  -0
8.19136  -0
8.25634  -0
8.27123  -0
8.33374  -0
8.34336  -0
8.4966  -0
8.49821  -0.00584638
8.5177  0.00738527
8.6168  -0.00667355
8.7608  -0.00788383
8.7867  -0
9.01165  -0
9.21995  -0.00808762
9.32474  -0.00721986
9.91561  -0.00700287
10.0166  -0
10.0459  -0
10.0623  -0.014882
10.0882  -0.0182081
10.1742  -0
10.1914  -0.00703081
10.2563  -0.0211132
10.2712  -0.0130719
10.3337  -0.00741057
10.3434  -0.015849
10.4966  -0.0215717
10.4982  -0.00584638
10.5177  -0.00738527
10.6168  -0.00667355
10.7608  -0
10.7867  -0.00731099
11.0116  -0.0321979
11.2199  -0.0404381
11.3247  -0.0288794
11.9156  -0.0840344
12.0166  -0.105124
12.0459  -0.112586
12.0623  -0.111615
12.0882  -0.109249
12.1742  -0.162892
12.1914  -0.17577
12.2563  -0.211132
12.2712  -0.20915
12.3337  -0.244549
12.3434  -0.261508
12.4966  -0.373909
12.4982  -0.380015
12.5177  -0.376649
12.6168  -0.453801
12.7608  -0.528217
12.7867  -0.533702
13.0116  -0.61176
13.2199  -0.671273
13.3247  -0.714766
13.9156  -0.924379
14.0166  -0.961131
14.0459  -0.966912
14.0623  -0.967329
14.0882  -0.983239
14.1742  -0.992867
14.1914  -0.991344
14.2563  -0.985282
14.2712  -1
14.3337  -0.993017
14.3434  -0.982636
14.4966  -0.934772
14.4982  -0.93542
14.5177  -0.945315
14.6168  -0.900929
14.7608  -0.835686
14.7867  -0.855386
15.0116  -0.788849
15.2199  -0.727886
15.3247  -0.714766
15.9156  -0.511209
16.0166  -0.45053
16.0459  -0.44372
16.0623  -0.424136
16.0882  -0.391475
16.1742  -0.380082
16.1914  -0.379664
16.2563  -0.358924
16.2712  -0.346405
16.3337  -0.318655
16.3434  -0.332828
16.4966  -0.330765
16.4982  -0.333244
16.5177  -0.324952
16.6168  -0.340351
16.7608  -0.354773
16.7867  -0.321684
17.0116  -0.330029
17.2199  -0.331593
17.3247  -0.317674
17.9156  -0.238098
18.0166  -0.202739
18.0459  -0.192058
18.0623  -0.193466
18.0882  -0.191185
18.1742  -0.139622
18.1914  -0.133585
18.2563  -0.133717
18.2712  -0.111111
18.3337  -0.0889269
18.3434  -0.0950938
18.4966  -0.0575244
18.4982  -0.0584638
18.5177  -0.0443116
18.6168  -0.0400413
18.7608  -0.0551868
18.7867  -0.0731099
19.0116  -0.0563464
19.2199  -0.0808762
19.3247  -0.0721986
19.9156  -0.112046
20.0166  -0.120141
20.0459  -0.125831
20.0623  -0.141379
20.0882  -0.136561
20.1742  -0.139622
20.1914  -0.133585
20.2563  -0.140755
20.2712  -0.117647
20.3337  -0.148211
20.3434  -0.134716
20.4966  -0.115049
20.4982  -0.116928
20.5177  -0.12555
20.6168  -0.100103
20.7608  -0.094606
20.7867  -0.0877319
21.0116  -0.0724453
21.2199  -0.064701
21.3247  -0.0721986
21.9156  -0.0280115
22.0166  -0.0225265
22.0459  -0.0264908
22.0623  -0.029764
22.0882  -0.0455203
22.1742  -0.0387839
22.1914  -0.035154
22.2563  -0.0422264
22.2712  -0.0457516
22.3337  -0.0889269
22.3434  -0.0792448
22.4966  -0.115049
22.4982  -0.093542
22.5177  -0.0886233
22.6168  -0.0734091
22.7608  -0.094606
22.7867  -0.0804209
23.0116  -0.112693
23.2199  -0.121314
23.3247  -0.0721986
23.9156  -0.0700287
24.0166  -0.090106
24.0459  -0.0662269
24.0623  -0.0967329
24.0882  -0.0910407
24.1742  -0.0387839
24.1914  -0.0421849
24.2563  -0.0351886
24.2712  -0.0457516
24.3337  -0.051874
24.3434  -0.0396224
24.4966  -0.0431433
24.4982  -0.0584638
24.5177  -0.00738527
24.6168  -0.0200207
24.7608  -0.0315353
24.7867  -0
25.0116  -0.00804948
25.2199  -0.0242629
25.3247  -0.0216596
25.9156  -0.0350143
26.0166  -0.0375442
26.0459  -0.0463588
26.0623  -0.0595279
26.0882  -0.0819366
26.1742  -0.0387839
26.1914  -0.0492157
26.2563  -0.0492641
26.2712  -0.0588235
26.3337  -0.0741057
26.3434  -0.0713203
26.4966  -0.064715
26.4982  -0.0584638
26.5177  -0.0738527
26.6168  -0.0400413
26.7608  -0.047303
26.7867  -0.0511769
27.0116  -0.0402474
27.2199  -0.0323505
27.3247  -0.0288794
27.9156  -0.0210086
28.0166  -0.0150177
28.0459  -0.00662269
28.0623  -0.00744099
28.0882  -0.00910407
28.1742  -0.0232703
28.1914  -0.0140616
28.2563  -0.00703773
28.2712  -0.0130719
28.3337  -0.0148211
28.3434  -0.00792448
28.4966  -0.0215717
28.4982  -0.0292319
28.5177  -0.0147705
28.6168  -0.0266942
28.7608  -0.047303
28.7867  -0.029244
29.0116  -0.0241484
29.2199  -0.0404381
29.3247  -0.0433191
29.9156  -0.0350143
30.0166  -0.0375442
30.0459  -0.0198681
30.0623  -0.0446459
30.0882  -0.0455203
30.1742  -0.0232703
30.1914  -0.0140616
30.2563  -0.0351886
30.2712  -0.0326797
30.3337  -0.0222317
30.3434  -0.0237734
30.4966  -0.0143811
30.4982  -0.0175391
30.5177  -0.00738527
30.6168  -0
30.7608  0.00788383
30.7867  -0.014622
31.0116  -0.00804948
31.2199  -0.00808762
31.3247  -0.00721986
31.9156  -0.0210086
32.0166  -0.0225265
32.0459  -0.0264908
32.0623  -0.022323
32.0882  -0.0273122
32.1742  -0.0232703
32.1914  -0.0281232
32.2563  -0.0211132
32.2712  -0.0196078
32.3337  -0.0222317
32.3434  -0.0237734
32.4966  -0.0359528
32.4982  -0.0292319
32.5177  -0.0147705
32.6168  -0.0333678
32.7608  -0.0394192
32.7867  -0.014622
33.0116  -0.0241484
33.2199  -0.00808762
33.3247  -0.00721986
33.9156  -0
34.0166  0.00750884
34.0459  -0.00662269
34.0623  0.00744099
34.0882  -0.00910407
34.1742  -0.00775677
34.1914  -0
34.2563  -0.00703773
34.2712  -0.00653595
34.3337  -0.00741057
34.3434  -0.00792448
34.4966  -0.0215717
34.4982  -0.00584638
34.5177  -0.0295411
34.6168  -0.0200207
34.7608  -0.00788383
34.7867  -0.014622
35.0116  -0.0241484
35.2199  -0.0323505
35.3247  -0.0144397
35.9156  -0.0210086
36.0166  -0.0225265
36.0459  -0.0132454
36.0623  -0.029764
36.0882  -0.00910407
36.1742  -0.00775677
36.1914  -0.00703081
36.2563  -0.00703773
36.2712  -0.00653595
36.3337  -0.00741057
36.3434  -0.00792448
36.4966  0.00719055
36.4982  -0.00584638
36.5177  -0
36.6168  -0.00667355
36.7608  -0.00788383
36.7867  -0.00731099
37.0116  -0
37.2199  -0.00808762
37.3247  -0.0144397
37.9156  -0.0210086
38.0166  -0.0150177
38.0459  -0.0132454
38.0623  -0.014882
38.0882  -0.0182081
38.1742  -0.0155135
38.1914  -0.0140616
38.2563  -0.0281509
38.2712  -0.0196078
38.3337  -0.0148211
38.3434  -0.0316979
38.4966  -0.0215717
38.4982  -0.0116928
38.5177  -0.00738527
38.6168  -0
38.7608  -0.00788383
38.7867  -0.014622
39.0116  -0.00804948
39.2199  -0.00808762
39.3247  -0
39.9156  -0.00700287
40.0166  -0
40.0459  -0.00662269
40.0623  0.00744099
40.0882  0.00910407
40.1742  -0.0155135
40.1914  -0
40.2563  -0
40.2712  -0
40.3337  -0
40.3434  -0
40.4966  -0.00719055
40.4982  -0.00584638
40.5177  -0.00738527
40.6168  -0.0200207
40.7608  -0.00788383
40.7867  -0.00731099
41.0116  -0.00804948
41.2199  -0.00808762
41.3247  -0.0144397
41.9156  -0
42.0166  -0.00750884
42.0459  -0.00662269
42.0623  -0.00744099
42.0882  -0.00910407
42.1742  0.00775677
42.1914  -0.00703081
42.2563  -0.00703773
42.2712  -0.00653595
42.3337  -0.00741057
42.3434  -0
42.4966  -0.00719055
42.4982  -0.00584638
42.5177  -0.00738527
42.6168  -0
42.7608  0.00788383
42.7867  -0.00731099
43.0116  -0
43.2199  -0.00808762
43.3247  -0.00721986
43.9156  -0.00700287
44.0166  -0.00750884
44.0459  -0.00662269
44.0623  -0.00744099
44.0882  -0.00910407
44.1742  -0.00775677
44.1914  -0.0140616
44.2563  -0.00703773
44.2712  -0.00653595
44.3337  -0
44.3434  -0
44.4966  -0.00719055
44.4982  -0.00584638
44.5177  -0
44.6168  -0.00667355
44.7608  -0
44.7867  -0.00731099
45.0116  -0.00804948
45.2199  0.00808762
45.3247  -0.00721986
45.9156  -0.00700287
46.0166  -0
46.0459  -0.00662269
46.0623  -0
46.0882  -0.00910407
46.1742  -0.00775677
46.1914  -0
46.2563  -0.00703773
46.2712  -0.00653595
46.3337  -0
46.3434  -0.00792448
46.4966  -0.00719055
46.4982  -0.00584638
46.5177  -0
46.6168  -0.00667355
46.7608  -0.0236515
46.7867  -0.00731099
47.0116  -0.00804948
47.2199  -0
47.3247  -0.00721986
47.9156  -0.00700287
48.0166  -0.00750884
48.0459  -0.0132454
48.0623  -0.00744099
48.0882  -0
48.1742  -0
48.1914  -0.00703081
48.2563  -0.00703773
48.2712  -0.00653595
48.3337  -0.00741057
48.3434  -0.00792448
48.4966  -0.00719055
48.4982  -0.00584638
48.5177  -0.00738527
48.6168  -0.00667355
48.7608  -0.00788383
48.7867  -0.00731099
49.0116  -0.00804948
49.2199  -0.00808762
49.3247  -0.00721986
49.9156  -0.00700287
50.0166  -0.00750884
50.0459  0.0132454
50.0623  -0.00744099
50.0882  -0
50.1742  -0
50.1914  -0
50.2563  -0.00703773
50.2712  -0.00653595
50.3337  -0.00741057
50.3434  -0
50.4966  -0.00719055
50.4982  -0.00584638
50.5177  -0
50.6168  -0.00667355
50.7608  0.00788383
50.7867  -0.00731099
51.0116  -0.00804948
51.2199  -0.00808762
51.3247  -0
51.9156  -0.00700287
52.0166  -0.00750884
52.0459  -0.00662269
52.0623  -0.00744099
52.0882  -0
52.1742  -0.00775677
52.1914  -0.00703081
52.2563  -0.00703773
52.2712  -0.00653595
52.3337  -0
52.3434  -0
52.4966  0.00719055
52.4982  -0.00584638
52.5177  0.00738527
52.6168  -0
52.7608  -0.00788383
52.7867  -0
53.0116  -0
53.2199  -0
53.3247  -0
53.9156  -0
54.0166  -0
54.0459  -0.00662269
54.0623  -0
54.0882  -0
54.1742  -0
54.1914  -0.00703081
54.2563  -0
54.2712  -0
54.3337  -0
54.3434  -0.00792448
54.4966  -0.00719055
54.4982  -0.00584638
54.5177  -0.00738527
54.6168  -0
54.7608  -0
54.7867  -0.00731099
55.0116  -0.00804948
55.2199  -0.0161752
55.3247  -0
55.9156  -0
56.0166  -0
56.0459  -0
56.0623  -0
56.0882  -0
56.1742  -0
56.1914  -0
56.2563  -0
56.2712  -0
56.3337  -0
56.3434  0.00792448
56.4966  -0.00719055
56.4982  -0
56.5177  -0.00738527
56.6168  -0.00667355
56.7608  -0.00788383
56.7867  -0
57.0116  -0
57.2199  -0
57.3247  -0.00721986
57.9156  -0.00700287
58.0166  -0
58.0459  -0
58.0623  -0.00744099
58.0882  -0
58.1742  0.00775677
58.1914  -0
58.2563  -0
58.2712  -0.00653595
58.3337  -0
58.3434  -0
58.4966  -0
58.4982  -0
58.5177  -0
58.6168  -0
58.7608  -0
58.7867  -0
59.0116  -0
59.2199  -0
59.3247  -0
59.9156  -0.00700287
60.0166  -0
60.0459  -0.00662269
60.0623  -0.00744099
60.0882  -0
60.1742  -0.00775677
60.1914  -0
60.2563  -0
60.2712  0.00653595
60.3337  -0
60.3434  -0.00792448
60.4966  0.00719055
60.4982  -0.00584638
60.5177  -0
60.6168  -0
60.7608  -0
60.7867  -0.00731099
61.0116  -0
61.2199  -0.00808762
61.3247  -0
61.9156  0.00700287
62.0166  -0
62.0459  -0
62.0623  -0
62.0882  -0.00910407
62.1742  -0.00775677
62.1914  -0
62.2563  -0.00703773
62.2712  -0
62.3337  -0
62.3434  -0.00792448
62.4966  -0.00719055
62.4982  -0
62.5177  -0.00738527
62.6168  -0
62.7608  -0
62.7867  -0.00731099
63.0116  -0
63.2199  -0
63.3247  -0
63.9156  0.00700287
64.0166  -0
64.0459  -0.00662269
64.0623  -0
64.0882  -0
64.1742  -0.00775677
64.1914  -0
64.2563  -0
64.2712  -0
64.3337  -0
64.3434  -0
64.4966  0.00719055
64.4982  -0.00584638
64.5177  -0.00738527
64.6168  -0.00667355
64.7608  -0.00788383
64.7867  0.021933
65.0116  -0
65.2199  -0
65.3247  -0.00721986
65.9156  0.00700287
66.0166  -0
66.0459  -0
66.0623  -0
66.0882  -0.00910407
66.1742  0.00775677
66.1914  -0
66.2563  -0.00703773
66.2712  -0
66.3337  -0
66.3434  -0
66.4966  -0
66.4982  0.00584638
66.5177  0.00738527
66.6168  0.00667355
66.7608  0.0157677
66.7867  -0.014622
67.0116  -0
67.2199  -0
67.3247  -0
67.9156  -0.00700287
68.0166  -0
68.0459  -0.00662269
68.0623  -0
68.0882  0.00910407
68.1742  -0.00775677
68.1914  -0
68.2563  0.00703773
68.2712  -0
68.3337  -0
68.3434  -0
68.4966  -0
68.4982  -0
68.5177  -0
68.6168  -0.00667355
68.7608  -0.00788383
68.7867  -0.00731099
69.0116  -0
69.2199  -0
69.3247  -0
69.9156  -0
70.0166  -0
70.0459  -0
70.0623  -0
70.0882  -0.00910407
70.1742  -0.00775677
70.1914  -0
70.2563  -0
70.2712  -0
70.3337  -0.00741057
70.3434  -0.00792448
70.4966  -0
70.4982  -0.00584638
70.5177  -0.00738527
70.6168  -0.00667355
70.7608  -0.00788383
70.7867  -0
71.0116  -0
71.2199  -0.00808762
71.3247  -0
71.9156  -0
72.0166  -0
72.0459  -0
72.0623  -0
72.0882  -0
72.1742  -0
72.1914  -0
72.2563  -0.00703773
72.2712  -0
72.3337  0.00741057
72.3434  -0
72.4966  -0
72.4982  -0.00584638
72.5177  -0
72.6168  -0.00667355
72.7608  -0
72.7867  -0
73.0116  -0
73.2199  0.0161752
73.3247  -0
73.9156  -0
74.0166  -0
74.0459  -0
74.0623  -0
74.0882  -0
74.1742  0.00775677
74.1914  -0
74.2563  -0
74.2712  -0.00653595
74.3337  0.00741057
74.3434  -0
74.4966  -0
74.4982  0.00584638
74.5177  -0
74.6168  -0
74.7608  0.00788383
74.7867  -0
75.0116  -0
75.2199  -0.00808762
75.3247  0.00721986
75.9156  -0.00700287
76.0166  -0
76.0459  -0.00662269
76.0623  -0
76.0882  -0
76.1742  -0
76.1914  -0.00703081
76.2563  0.00703773
76.2712  -0
76.3337  -0
76.3434  -0
76.4966  -0
76.4982  -0.00584638
76.5177  -0
76.6168  -0
76.7608  -0.00788383
76.7867  -0
77.0116  -0
77.2199  -0
77.3247  -0
77.9156  0.00700287
78.0166  0.00750884
78.0459  0.00662269
78.0623  0.00744099
78.0882  -0
78.1742  -0
78.1914  0.00703081
78.2563  -0.00703773
78.2712  -0
78.3337  -0
78.3434  -0
78.4966  -0
78.4982  -0.00584638
78.5177  -0
78.6168  -0
78.7608  -0
78.7867  -0.00731099
79.0116  -0
79.2199  -0
79.3247  -0
79.9156  -0.00700287
80.0166  -0
80.0459  -0
80.0623  -0
80.0882  0.00910407
80.1742  -0
80.1914  0.00703081
80.2563  -0
80.2712  -0
80.3337  0.00741057
80.3434  0.00792448
80.4966  0.00719055
80.4982  -0.00584638
80.5177  0.00738527
80.6168  -0
80.7608  -0
80.7867  -0
81.0116  -0
81.2199  -0
81.3247  -0
81.9156  -0
82.0166  -0
82.0459  -0
82.0623  -0
82.0882  -0
82.1742  -0
82.1914  -0.00703081
82.2563  -0
82.2712  -0
82.3337  -0
82.3434  -0.00792448
82.4966  -0
82.4982  0.00584638
82.5177  -0
82.6168  0.0133471
82.7608  0.00788383
82.7867  -0.00731099
83.0116  -0.00804948
83.2199  -0
83.3247  -0
83.9156  -0
84.0166  -0
84.0459  -0
84.0623  -0
84.0882  -0
84.1742  -0
84.1914  -0
84.2563  -0
84.2712  0.00653595
84.3337  0.00741057
84.3434  -0.00792448
84.4966  -0
84.4982  0.00584638
84.5177  -0
84.6168  -0.00667355
84.7608  -0
84.7867  0.00731099
85.0116  -0
85.2199  -0
85.3247  -0.00721986
85.9156  0.00700287
86.0166  -0
86.0459  -0
86.0623  0.00744099
86.0882  -0
86.1742  -0
86.1914  0.00703081
86.2563  -0
86.2712  -0
86.3337  -0
86.3434  -0
86.4966  -0
86.4982  -0
86.5177  -0
86.6168  -0
86.7608  -0
86.7867  -0
87.0116  -0
87.2199  -0
87.3247  0.00721986
87.9156  -0
88.0166  -0
88.0459  -0.00662269
88.0623  -0
88.0882  -0
88.1742  -0
88.1914  -0
88.2563  -0
88.2712  -0
88.3337  -0
88.3434  0.015849
88.4966  -0
88.4982  -0.00584638
88.5177  0.00738527
88.6168  0.00667355
88.7608  -0
88.7867  -0
89.0116  -0
89.2199  0.00808762
89.3247  -0
89.9156  -0
90.0166  -0
90.0459  0.00662269
90.0623  -0
90.0882  -0
90.1742  -0
90.1914  -0
90.2563  -0
90.2712  -0
90.3337  -0
90.3434  -0
90.4966  -0
90.4982  0.00584638
90.5177  -0
90.6168  -0
90.7608  0.00788383
90.7867  -0
91.0116  -0
91.2199  -0
91.3247  -0
91.9156  -0
92.0166  -0
92.0459  -0
92.0623  -0
92.0882  0.00910407
92.1742  -0
92.1914  -0.00703081
92.2563  -0
92.2712  0.00653595
92.3337  0.00741057
92.3434  -0.00792448
92.4966  -0
92.4982  -0
92.5177  -0
92.6168  -0
92.7608  -0.00788383
92.7867  -0
93.0116  -0
93.2199  -0
93.3247  -0
93.9156  0.00700287
94.0166  -0
94.0459  -0
94.0623  -0
94.0882  -0.00910407
94.1742  0.00775677
94.1914  0.00703081
94.2563  -0.00703773
94.2712  -0
94.3337  -0
94.3434  0.00792448
94.4966  -0.00719055
94.4982  -0
94.5177  -0
94.6168  0.0133471
94.7608  0.00788383
94.7867  -0
95.0116  -0
95.2199  -0
95.3247  0.00721986
95.9156  -0.00700287
96.0166  -0
96.0459  -0
96.0623  -0.00744099
96.0882  0.00910407
96.1742  -0
96.1914  0.00703081
96.2563  0.0140755
96.2712  -0.00653595
96.3337  -0
96.3434  0.00792448
96.4966  -0
96.4982  -0.00584638
96.5177  0.00738527
96.6168  -0.00667355
96.7608  -0
96.7867  -0
97.0116  -0
97.2199  0.00808762
97.3247  -0
97.9156  -0
98.0166  -0
98.0459  -0
98.0623  0.014882
98.0882  0.00910407
98.1742  -0
98.1914  -0
98.2563  -0
98.2712  -0
98.3337  -0.00741057
98.3434  -0.00792448
98.4966  -0
98.4982  0.00584638
98.5177  -0
98.6168  -0
98.7608  0.00788383
98.7867  -0
99.0116  -0
99.2199  -0
99.3247  -0
99.9156  0.00700287
100.017  -0
100.046  -0
100.062  -0.00744099
100.088  0.00910407
100.174  -0
100.191  -0
100.256  0.00703773
100.271  0.00653595
100.334  -0
100.343  0.00792448
100.497  0.00719055
100.498  0.00584638
100.518  -0.00738527
100.617  -0
100.761  -0
100.787  -0
101.012  -0
101.22  0.00808762
101.325  -0.00721986
101.916  0.00700287
102.017  -0
102.046  0.00662269
102.062  -0
102.088  -0
102.174  -0
102.191  0.00703081
102.256  -0.00703773
102.271  -0
102.334  -0
102.343  -0
102.497  -0
102.498  -0.00584638
102.518  -0
102.617  -0
102.761  -0
102.787  -0.00731099
103.012  -0.00804948
103.22  -0
103.325  0.0144397
103.916  -0.00700287
104.017  -0.00750884
104.046  -0
104.062  -0
104.088  0.00910407
104.174  -0
104.191  -0
104.256  -0
104.271  -0
104.334  -0
104.343  -0
104.497  -0
104.498  -0
104.518  0.00738527
104.617  -0
104.761  -0
104.787  0.021933
105.012  0.00804948
105.22  0.00808762
105.325  -0
105.916  -0
106.017  0.00750884
106.046  -0
106.062  -0
106.088  -0
106.174  -0
106.191  -0
106.256  0.00703773
106.271  -0
106.334  -0
106.343  -0.00792448
106.497  -0.00719055
106.498  0.00584638
106.518  -0.00738527
106.617  -0
106.761  0.00788383
106.787  -0
107.012  0.00804948
107.22  -0.00808762
107.325  -0
107.916  -0
108.017  -0
108.046  -0
108.062  -0
108.088  -0
108.174  -0
108.191  -0
108.256  0.00703773
108.271  -0
108.334  0.00741057
108.343  0.00792448
108.497  0.00719055
108.498  -0.00584638
108.518  -0
108.617  -0
108.761  -0
108.787  -0
109.012  -0
109.22  -0
109.325  -0
109.916  0.00700287
110.017  -0
110.046  -0
110.062  0.00744099
110.088  -0.00910407
110.174  -0
110.191  0.00703081
110.256  -0.00703773
110.271  -0.00653595
110.334  -0.00741057
110.343  -0
110.497  -0
110.498  -0
110.518  -0
110.617  0.00667355
110.761  -0
110.787  -0
111.012  -0
111.22  0.00808762
111.325  -0
111.916  -0
112.017  -0
112.046  -0.00662269
112.062  -0.00744099
112.088  0.00910407
112.174  -0
112.191  -0
112.256  0.00703773
112.271  -0
112.334  -0
112.343  -0
112.497  -0
112.498  -0
112.518  0.00738527
112.617  -0
112.761  -0
112.787  0.00731099
113.012  0.00804948
113.22  0.00808762
113.325  -0
113.916  0.00700287
114.017  -0
114.046  0.00662269
114.062  0.00744099
114.088  0.00910407
114.174  0.00775677
114.191  -0
114.256  0.00703773
114.271  -0
114.334  -0
114.343  -0.00792448
114.497  -0
114.498  0.00584638
114.518  -0.00738527
114.617  -0
114.761  -0
114.787  -0.00731099
115.012  0.00804948
115.22  -0.00808762
115.325  0.00721986
115.916  -0
116.017  -0
116.046  0.00662269
116.062  -0.00744099
116.088  -0
116.174  0.00775677
116.191  -0
116.256  -0
116.271  -0
116.334  0.00741057
116.343  -0
116.497  -0
116.498  -0
116.518  -0
116.617  -0
116.761  -0
116.787  0.00731099
117.012  0.00804948
117.22  -0
117.325  -0.00721986
117.916  -0
118.017  0.00750884
118.046  0.00662269
118.062  0.00744099
118.088  -0
118.174  0.00775677
118.191  -0
118.256  -0
118.271  -0
118.334  -0
118.343  0.00792448
118.497  -0
118.498  -0
118.518  -0
118.617  -0
118.761  -0
118.787  0.00731099
119.012  -0
119.22  0.00808762
119.325  -0
119.916  -0
