1000000  1
0.0254392  -0.00552126
0.228288  -0.0061346
0.333117  -0.0055329
0.335663  -0
0.383045  0.00556497
0.387375  -0.0119202
0.547159  -0
0.601764  -0
0.723279  0.00637299
0.827892  -0
0.993842  -0
1.08506  0.0122026
1.21024  -0.0184745
1.48066  -0.00600185
1.48908  0.00580697
1.55865  -0
1.69844  -0.00619719
1.72611  -0
1.76846  -0
1.95951  -0.00636696
2.02544  -0
2.22829  -0.0061346
2.33312  -0
2.33566  0.00611367
2.38304  -0
2.38737  -0
2.54716  -0
2.60176  -0
2.72328  -0
2.82789  -0
2.99384  -0
3.08506  -0
3.21024  0.00615818
3.48066  -0
3.48908  -0
3.55865  0.00572922
3.69844  -0.00619719
3.72611  -0
3.76846  -0.00562802
3.95951  -0
4.02544  -0.00552126
4.22829  -0
4.33312  -0
4.33566  -0
4.38304  -0.00556497
4.38737  -0
4.54716  -0
4.60176  -0
4.72328  -0
4.82789  -0.00636943
4.99384  -0.00607234
5.08506  -0
5.21024  -0
5.48066  -0
5.48908  -0
5.55865  -0.00572922
5.69844  0.00619719
5.72611  -0
5.76846  -0
5.95951  -0
6.02544  -0
6.22829  -0
6.33312  -0
6.33566  -0
6.38304  -0
6.38737  -0
6.54716  -0
6.60176  -0.00572783
6.72328  -0.00637299
6.82789  -0.00636943
6.99384  -0.00607234
7.08506  -0.0183039
7.21024  -0.00615818
7.48066  -0.0120037
7.48908  -0.0290348
7.55865  -0.0286461
7.69844  -0.030986
7.72611  -0.0167362
7.76846  -0.0281401
7.95951  -0.0191009
8.02544  -0.0276063
8.22829  -0.030673
8.33312  -0.055329
8.33566  -0.0427957
8.38304  -0.0500847
8.38737  -0.0417207
8.54716  -0.0550151
8.60176  -0.0572783
8.72328  -0.0573569
8.82789  -0.0636943
8.99384  -0.0850128
9.08506  -0.103722
9.21024  -0.104689
9.48066  -0.156048
9.48908  -0.145174
9.55865  -0.154689
9.69844  -0.179719
9.72611  -0.189677
9.76846  -0.185725
9.95951  -0.222844
10.0254  -0.237414
10.2283  -0.263788
10.3331  -0.293244
10.3357  -0.293456
10.383  -0.306073
10.3874  -0.309925
10.5472  -0.354542
10.6018  -0.378037
10.7233  -0.420617
10.8279  -0.44586
10.9938  -0.516149
11.0851  -0.549118
11.2102  -0.597343
11.4807  -0.684211
11.4891  -0.691029
11.5587  -0.710423
11.6984  -0.74986
11.7261  -0.753128
11.7685  -0.771039
11.9595  -0.821338
12.0254  -0.833711
12.2283  -0.901787
12.3331  -0.912928
12.3357  -0.917051
12.383  -0.923784
12.3874  -0.923816
12.5472  -0.953595
12.6018  -0.956547
12.7233  -0.968695
12.8279  -1
12.9938  -0.989792
13.0851  -0.976209
13.2102  -0.97915
13.4807  -0.924285
13.4891  -0.923308
13.5587  -0.922405
13.6984  -0.873804
13.7261  -0.887017
13.7685  -0.866715
13.9595  -0.827705
14.0254  -0.817147
14.2283  -0.766825
14.3331  -0.746941
14.3357  -0.739754
14.383  -0.734576
14.3874  -0.733092
14.5472  -0.684632
14.6018  -0.687339
14.7233  -0.656418
14.8279  -0.636943
14.9938  -0.607234
15.0851  -0.610131
15.2102  -0.57271
15.4807  -0.570176
15.4891  -0.57489
15.5587  -0.555734
15.6984  -0.570142
15.7261  -0.552294
15.7685  -0.56843
15.9595  -0.541191
16.0254  -0.546605
16.2283  -0.521441
16.3331  -0.520092
16.3357  -0.519662
16.383  -0.511977
16.3874  -0.506609
16.5472  -0.507361
16.6018  -0.492593
16.7233  -0.471601
16.8279  -0.44586
16.9938  -0.431136
17.0851  -0.408788
17.2102  -0.412598
17.4807  -0.378117
17.4891  -0.365839
17.5587  -0.360941
17.6984  -0.359437
17.7261  -0.345881
17.7685  -0.337681
17.9595  -0.350183
18.0254  -0.336797
18.2283  -0.331269
18.3331  -0.326441
18.3357  -0.324025
18.383  -0.328333
18.3874  -0.327806
18.5472  -0.323978
18.6018  -0.315031
18.7233  -0.331396
18.8279  -0.312102
18.9938  -0.303617
19.0851  -0.311167
19.2102  -0.295592
19.4807  -0.276085
19.4891  -0.272928
19.5587  -0.269273
19.6984  -0.254085
19.7261  -0.256621
19.7685  -0.258889
19.9595  -0.248311
20.0254  -0.253978
20.2283  -0.22698
20.3331  -0.215783
20.3357  -0.23232
20.383  -0.217034
20.3874  -0.226484
20.5472  -0.207835
20.6018  -0.206202
20.7233  -0.203936
20.8279  -0.191083
20.9938  -0.200387
21.0851  -0.189141
21.2102  -0.178587
21.4807  -0.180055
21.4891  -0.180016
21.5587  -0.177606
21.6984  -0.185916
21.7261  -0.167362
21.7685  -0.185725
21.9595  -0.184642
22.0254  -0.171159
22.2283  -0.177903
22.3331  -0.160454
22.3357  -0.158955
22.383  -0.155819
22.3874  -0.160923
22.5472  -0.158932
22.6018  -0.160379
22.7233  -0.146579
22.8279  -0.133758
22.9938  -0.139664
23.0851  -0.122026
23.2102  -0.117005
23.4807  -0.108033
23.4891  -0.116139
23.5587  -0.114584
23.6984  -0.117747
23.7261  -0.117153
23.7685  -0.106932
23.9595  -0.0955044
24.0254  -0.0938615
24.2283  -0.104288
24.3331  -0.105125
24.3357  -0.103932
24.383  -0.116864
24.3874  -0.107282
24.5472  -0.116143
24.6018  -0.108829
24.7233  -0.108341
24.8279  -0.11465
24.9938  -0.109302
25.0851  -0.109824
25.2102  -0.104689
25.4807  -0.102031
25.4891  -0.0929115
25.5587  -0.0973968
25.6984  -0.0867607
25.7261  -0.117153
25.7685  -0.0900484
25.9595  -0.0891374
26.0254  -0.0772977
26.2283  -0.0429422
26.3331  -0.0663948
26.3357  -0.0733641
26.383  -0.0723446
26.3874  -0.0715212
26.5472  -0.0672406
26.6018  -0.0687339
26.7233  -0.0701029
26.8279  -0.0636943
26.9938  -0.0546511
27.0851  -0.0610131
27.2102  -0.0615818
27.4807  -0.0600185
27.4891  -0.0754906
27.5587  -0.0687506
27.6984  -0.0805635
27.7261  -0.0669447
27.7685  -0.0675363
27.9595  -0.0764035
28.0254  -0.082819
28.2283  -0.0797498
28.3331  -0.0719277
28.3357  -0.0733641
28.383  -0.0667796
28.3874  -0.0715212
28.5472  -0.0672406
28.6018  -0.0572783
28.7233  -0.0701029
28.8279  -0.0636943
28.9938  -0.0607234
29.0851  -0.0488105
29.2102  -0.0615818
29.4807  -0.0540166
29.4891  -0.0464558
29.5587  -0.0572922
29.6984  -0.0495775
29.7261  -0.0446298
29.7685  -0.0393962
29.9595  -0.0445687
30.0254  -0.0496914
30.2283  -0.0490768
30.3331  -0.0442632
30.3357  -0.0427957
30.383  -0.0389548
30.3874  -0.0417207
30.5472  -0.0427895
30.6018  -0.0572783
30.7233  -0.0637299
30.8279  -0.0636943
30.9938  -0.0607234
31.0851  -0.0549118
31.2102  -0.0431072
31.4807  -0.0420129
31.4891  -0.0464558
31.5587  -0.0401045
31.6984  -0.0371832
31.7261  -0.0446298
31.7685  -0.0562802
31.9595  -0.0445687
32.0254  -0.0276063
32.2283  -0.030673
32.3331  -0.0387303
32.3357  -0.0427957
32.383  -0.0333898
32.3874  -0.0417207
32.5472  -0.0427895
32.6018  -0.0400948
32.7233  -0.031865
32.8279  -0.0573248
32.9938  -0.036434
33.0851  -0.0183039
33.2102  -0.0369491
33.4807  -0.0420129
33.4891  -0.0348418
33.5587  -0.0286461
33.6984  -0.030986
33.7261  -0.0446298
33.7685  -0.0337681
33.9595  -0.0382017
34.0254  -0.0331276
34.2283  -0.030673
34.3331  -0.0276645
34.3357  -0.0305684
34.383  -0.0333898
34.3874  -0.0417207
34.5472  -0.0427895
34.6018  -0.0400948
34.7233  -0.031865
34.8279  -0.0318471
34.9938  -0.018217
35.0851  -0.0305065
35.2102  -0.0369491
35.4807  -0.0360111
35.4891  -0.0290348
35.5587  -0.0286461
35.6984  -0.030986
35.7261  -0.0334723
35.7685  -0.0337681
35.9595  -0.0318348
36.0254  -0.0331276
36.2283  -0.0429422
36.3331  -0.0276645
36.3357  -0.0305684
36.383  -0.0278248
36.3874  -0.0298005
36.5472  -0.0183384
36.6018  -0.0286391
36.7233  -0.038238
36.8279  -0.0318471
36.9938  -0.036434
37.0851  -0.0305065
37.2102  -0.0307909
37.4807  -0.0180055
37.4891  -0.0290348
37.5587  -0.0343753
37.6984  -0.030986
37.7261  -0.0167362
37.7685  -0.0225121
37.9595  -0.0254678
38.0254  -0.0220851
38.2283  -0.0122692
38.3331  -0.0276645
38.3357  -0.0122273
38.383  -0.0222599
38.3874  -0.0119202
38.5472  -0.0122256
38.6018  -0.0229113
38.7233  -0.031865
38.8279  -0.0191083
38.9938  -0.0242894
39.0851  -0.0305065
39.2102  -0.0123164
39.4807  -0.00600185
39.4891  -0.0116139
39.5587  -0.0114584
39.6984  -0.0247888
39.7261  -0.0278936
39.7685  -0.0168841
39.9595  -0.00636696
40.0254  -0.0276063
40.2283  -0.0122692
40.3331  -0.0331974
40.3357  -0.0244547
40.383  -0.0222599
40.3874  -0.0178803
40.5472  -0.0427895
40.6018  -0.0114557
40.7233  -0.019119
40.8279  -0.0191083
40.9938  -0.018217
41.0851  -0.00610131
41.2102  -0.0246327
41.4807  -0.0300092
41.4891  -0.0116139
41.5587  -0.0114584
41.6984  -0.00619719
41.7261  -0.0278936
41.7685  -0.0168841
41.9595  -0.0318348
42.0254  -0.00552126
42.2283  -0.0184038
42.3331  -0.0110658
42.3357  -0.018341
42.383  -0.0166949
42.3874  -0.0178803
42.5472  -0.0122256
42.6018  -0.0229113
42.7233  -0.019119
42.8279  -0.0191083
42.9938  -0.0121447
43.0851  -0.0122026
43.2102  -0.0123164
43.4807  -0.0120037
43.4891  -0.0290348
43.5587  -0.0114584
43.6984  -0.0123944
43.7261  -0.0111574
43.7685  -0.0168841
43.9595  -0.0127339
44.0254  -0.0165638
44.2283  -0.0122692
44.3331  -0
44.3357  -0.018341
44.383  -0.0166949
44.3874  -0.0178803
44.5472  -0.00611279
44.6018  -0.0114557
44.7233  -0.012746
44.8279  -0.0191083
44.9938  -0.0121447
45.0851  -0.00610131
45.2102  -0.00615818
45.4807  -0.00600185
45.4891  -0.0116139
45.5587  -0.0229169
45.6984  -0.0123944
45.7261  -0.0167362
45.7685  -0.0168841
45.9595  -0.0127339
46.0254  -0.0110425
46.2283  -0.0061346
46.3331  -0.0055329
46.3357  -0.00611367
46.383  -0.0111299
46.3874  -0.0119202
46.5472  -0.00611279
46.6018  -0.0114557
46.7233  -0.012746
46.8279  -0
46.9938  -0.00607234
47.0851  -0.00610131
47.2102  -0.00615818
47.4807  -0.0120037
47.4891  -0
47.5587  -0.0229169
47.6984  -0.0123944
47.7261  -0.00557872
47.7685  -0.011256
47.9595  -0
48.0254  -0.00552126
48.2283  -0.0122692
48.3331  -0.0276645
48.3357  -0.00611367
48.383  -0.0111299
48.3874  -0
48.5472  -0.0122256
48.6018  -0.00572783
48.7233  -0.00637299
48.8279  -0.0127389
48.9938  -0.0121447
49.0851  -0.0122026
49.2102  -0.0123164
49.4807  -0.0120037
49.4891  -0.00580697
49.5587  -0
49.6984  -0
49.7261  -0.0111574
49.7685  -0.00562802
49.9595  -0.00636696
50.0254  -0.00552126
50.2283  0.0061346
50.3331  -0.0055329
50.3357  -0.018341
50.383  -0
50.3874  -0.0178803
50.5472  -0.0122256
50.6018  -0.00572783
50.7233  -0.00637299
50.8279  -0.00636943
50.9938  -0.00607234
51.0851  -0
51.2102  -0.0123164
51.4807  -0.00600185
51.4891  -0.0174209
51.5587  -0
51.6984  -0.0185916
51.7261  -0.00557872
51.7685  -0.011256
51.9595  -0.0191009
52.0254  -0.0110425
52.2283  -0.0184038
52.3331  -0.0055329
52.3357  -0.018341
52.383  -0.0166949
52.3874  -0.0119202
52.5472  -0.0122256
52.6018  -0.0114557
52.7233  -0.00637299
52.8279  -0.0127389
52.9938  -0.00607234
53.0851  -0.00610131
53.2102  -0.00615818
53.4807  -0.00600185
53.4891  -0.0116139
53.5587  -0.0114584
53.6984  -0.00619719
53.7261  -0.00557872
53.7685  -0.00562802
53.9595  -0.00636696
54.0254  -0
54.2283  -0.0061346
54.3331  -0
54.3357  -0.00611367
54.383  -0.00556497
54.3874  0.0059601
54.5472  -0
54.6018  -0.0114557
54.7233  -0.00637299
54.8279  -0.00636943
54.9938  -0.00607234
55.0851  -0.0183039
55.2102  -0
55.4807  -0.0120037
55.4891  -0.0116139
55.5587  -0.0114584
55.6984  -0.00619719
55.7261  -0.00557872
55.7685  -0.011256
55.9595  -0
56.0254  -0.00552126
56.2283  -0.0061346
56.3331  -0.0221316
56.3357  -0.00611367
56.383  -0
56.3874  -0.0238404
56.5472  -0.00611279
56.6018  -0.00572783
56.7233  -0.00637299
56.8279  -0.00636943
56.9938  -0.0121447
57.0851  0.00610131
57.2102  -0.0184745
57.4807  -0.00600185
57.4891  -0.00580697
57.5587  -0.0114584
57.6984  -0.0123944
57.7261  -0.00557872
57.7685  -0.00562802
57.9595  -0.00636696
58.0254  -0.00552126
58.2283  -0
58.3331  -0.0055329
58.3357  0.00611367
58.383  -0.00556497
58.3874  -0
58.5472  -0.00611279
58.6018  -0
58.7233  -0.012746
58.8279  -0.00636943
58.9938  -0.00607234
59.0851  -0.00610131
59.2102  -0.0123164
59.4807  0.0120037
59.4891  -0.00580697
59.5587  0.00572922
59.6984  -0.00619719
59.7261  -0.00557872
59.7685  -0
59.9595  -0.00636696
60.0254  -0.0110425
60.2283  -0
60.3331  0.0055329
60.3357  -0.00611367
60.383  -0.00556497
60.3874  -0
60.5472  -0.00611279
60.6018  -0.00572783
60.7233  -0.00637299
60.8279  -0
60.9938  -0
61.0851  -0.00610131
61.2102  0.0123164
61.4807  -0
61.4891  0.00580697
61.5587  -0
61.6984  0.00619719
61.7261  -0.00557872
61.7685  -0
61.9595  -0.00636696
62.0254  -0
62.2283  -0.0061346
62.3331  -0.0110658
62.3357  -0.00611367
62.383  -0.00556497
62.3874  -0
62.5472  -0.00611279
62.6018  -0.00572783
62.7233  -0
62.8279  -0.00636943
62.9938  -0.00607234
63.0851  -0.00610131
63.2102  -0
63.4807  -0.00600185
63.4891  -0.00580697
63.5587  -0.00572922
63.6984  -0.00619719
63.7261  -0.0111574
63.7685  -0.00562802
63.9595  -0.00636696
64.0254  -0
64.2283  -0.0061346
64.3331  -0.0055329
64.3357  -0.00611367
64.383  -0.00556497
64.3874  -0.0059601
64.5472  -0
64.6018  -0
64.7233  -0
64.8279  -0.00636943
64.9938  -0
65.0851  -0
65.2102  -0.00615818
65.4807  -0.0120037
65.4891  -0.00580697
65.5587  -0.00572922
65.6984  -0.00619719
65.7261  -0.00557872
65.7685  -0.00562802
65.9595  -0.00636696
66.0254  -0.00552126
66.2283  -0.0061346
66.3331  -0
66.3357  -0.00611367
66.383  -0
66.3874  -0.0119202
66.5472  -0.00611279
66.6018  -0.00572783
66.7233  -0.012746
66.8279  0.00636943
66.9938  -0
67.0851  -0
67.2102  -0.00615818
67.4807  -0
67.4891  -0.00580697
67.5587  -0
67.6984  -0.00619719
67.7261  0.00557872
67.7685  -0
67.9595  -0
68.0254  -0.00552126
68.2283  -0.0061346
68.3331  -0.0055329
68.3357  -0
68.383  -0.00556497
68.3874  -0
68.5472  -0.00611279
68.6018  -0.00572783
68.7233  -0.012746
68.8279  -0.0191083
68.9938  -0.00607234
69.0851  -0
69.2102  -0
69.4807  -0
69.4891  -0.00580697
69.5587  -0.00572922
69.6984  0.00619719
69.7261  -0.00557872
69.7685  -0.00562802
69.9595  -0
70.0254  0.00552126
70.2283  -0.0061346
70.3331  -0.0055329
70.3357  -0
70.383  -0
70.3874  0.0119202
70.5472  0.00611279
70.6018  -0.00572783
70.7233  0.00637299
70.8279  -0
70.9938  -0
71.0851  -0.0183039
71.2102  0.00615818
71.4807  -0
71.4891  -0.00580697
71.5587  0.00572922
71.6984  -0
71.7261  -0.00557872
71.7685  -0.00562802
71.9595  -0
72.0254  -0
72.2283  -0
72.3331  -0.0055329
72.3357  -0.0122273
72.383  -0
72.3874  -0.0059601
72.5472  -0.00611279
72.6018  -0.00572783
72.7233  0.00637299
72.8279  -0
72.9938  -0.00607234
73.0851  -0.00610131
73.2102  -0.00615818
73.4807  -0.0120037
73.4891  0.00580697
73.5587  -0.00572922
73.6984  -0
73.7261  -0.00557872
73.7685  -0
73.9595  -0.00636696
74.0254  -0.00552126
74.2283  -0
74.3331  -0
74.3357  -0.00611367
74.383  -0.00556497
74.3874  -0.0059601
74.5472  -0.00611279
74.6018  -0.00572783
74.7233  -0.00637299
74.8279  -0
74.9938  0.00607234
75.0851  -0
75.2102  -0.00615818
75.4807  -0
75.4891  -0.00580697
75.5587  -0.00572922
75.6984  -0.00619719
75.7261  0.00557872
75.7685  -0
75.9595  -0
76.0254  -0.00552126
76.2283  -0
76.3331  -0
76.3357  -0.00611367
76.383  -0
76.3874  -0.0059601
76.5472  0.00611279
76.6018  -0
76.7233  -0.00637299
76.8279  -0.0127389
76.9938  -0.00607234
77.0851  -0
77.2102  -0
77.4807  -0
77.4891  -0.00580697
77.5587  -0.00572922
77.6984  -0.00619719
77.7261  -0
77.7685  -0
77.9595  -0
78.0254  -0
78.2283  -0
78.3331  -0.0055329
78.3357  0.0122273
78.383  0.00556497
78.3874  0.0059601
78.5472  -0
78.6018  -0
78.7233  -0.00637299
78.8279  -0
78.9938  -0.00607234
79.0851  0.00610131
79.2102  -0
79.4807  -0
79.4891  -0
79.5587  0.00572922
79.6984  0.00619719
79.7261  -0
79.7685  -0
79.9595  -0
80.0254  -0
80.2283  0.0061346
80.3331  -0.0055329
80.3357  -0
80.383  -0.00556497
80.3874  0.0059601
80.5472  -0.0122256
80.6018  -0
80.7233  0.00637299
80.8279  -0
80.9938  0.00607234
81.0851  -0.00610131
81.2102  -0.00615818
81.4807  -0.0120037
81.4891  -0
81.5587  0.00572922
81.6984  0.00619719
81.7261  -0.0111574
81.7685  -0
81.9595  -0.00636696
82.0254  -0
82.2283  0.0122692
82.3331  0.0055329
82.3357  -0.00611367
82.383  -0.00556497
82.3874  -0
82.5472  -0
82.6018  -0
82.7233  -0.00637299
82.8279  -0
82.9938  0.00607234
83.0851  -0.00610131
83.2102  -0
83.4807  -0
83.4891  -0
83.5587  0.00572922
83.6984  -0.00619719
83.7261  0.00557872
83.7685  -0
83.9595  -0
84.0254  -0.00552126
84.2283  -0.0184038
84.3331  -0
84.3357  -0
84.383  -0.00556497
84.3874  -0
84.5472  -0
84.6018  -0
84.7233  -0.00637299
84.8279  -0.00636943
84.9938  -0.00607234
85.0851  0.0122026
85.2102  -0
85.4807  -0
85.4891  0.00580697
85.5587  -0.00572922
85.6984  -0
85.7261  0.00557872
85.7685  -0
85.9595  -0
86.0254  -0
86.2283  -0
86.3331  -0
86.3357  0.00611367
86.383  0.00556497
86.3874  -0.0059601
86.5472  -0
86.6018  -0.00572783
86.7233  -0
86.8279  -0
86.9938  -0.00607234
87.0851  -0.00610131
87.2102  -0
87.4807  -0
87.4891  -0.00580697
87.5587  -0.00572922
87.6984  -0
87.7261  -0.00557872
87.7685  -0.00562802
87.9595  -0
88.0254  -0
88.2283  -0
88.3331  -0.0055329
88.3357  -0
88.383  -0.00556497
88.3874  -0.0059601
88.5472  -0.00611279
88.6018  -0
88.7233  -0
88.8279  -0
88.9938  -0
89.0851  0.00610131
89.2102  -0.00615818
89.4807  -0
89.4891  -0
89.5587  0.00572922
89.6984  -0
89.7261  -0.00557872
89.7685  0.00562802
89.9595  -0
90.0254  -0
90.2283  -0
90.3331  -0
90.3357  0.00611367
90.383  -0.00556497
90.3874  0.0059601
90.5472  -0
90.6018  -0
90.7233  -0.00637299
90.8279  0.00636943
90.9938  0.00607234
91.0851  -0
91.2102  -0
91.4807  0.00600185
91.4891  -0.00580697
91.5587  0.00572922
91.6984  -0
91.7261  -0.00557872
91.7685  -0
91.9595  -0
92.0254  -0
92.2283  -0.0184038
92.3331  -0
92.3357  -0
92.383  -0.00556497
92.3874  -0
92.5472  0.00611279
92.6018  -0
92.7233  -0
92.8279  -0
92.9938  -0
93.0851  -0.00610131
93.2102  -0
93.4807  -0.00600185
93.4891  -0
93.5587  -0.0171877
93.6984  0.00619719
93.7261  0.00557872
93.7685  -0.00562802
93.9595  0.00636696
94.0254  -0
94.2283  0.0122692
94.3331  -0
94.3357  -0
94.383  -0
94.3874  -0.0059601
94.5472  -0
94.6018  -0.00572783
94.7233  -0
94.8279  -0
94.9938  -0.00607234
95.0851  -0
95.2102  -0
95.4807  -0
95.4891  0.00580697
95.5587  -0.00572922
95.6984  -0
95.7261  0.00557872
95.7685  -0
95.9595  0.00636696
96.0254  -0
96.2283  0.0061346
96.3331  -0
96.3357  -0
96.383  -0
96.3874  -0.0059601
96.5472  -0.00611279
96.6018  0.00572783
96.7233  -0
96.8279  -0
96.9938  0.00607234
97.0851  0.0122026
97.2102  -0.00615818
97.4807  -0
97.4891  -0
97.5587  0.00572922
97.6984  -0
97.7261  -0.0111574
97.7685  -0
97.9595  -0.00636696
98.0254  -0
98.2283  0.0061346
98.3331  -0
98.3357  0.00611367
98.383  0.00556497
98.3874  0.0059601
98.5472  0.00611279
98.6018  -0
98.7233  -0.00637299
98.8279  -0
98.9938  0.00607234
99.0851  0.00610131
99.2102  -0
99.4807  -0
99.4891  -0.00580697
99.5587  0.00572922
99.6984  -0
99.7261  -0
99.7685  -0
99.9595  -0
100.025  -0.00552126
100.228  -0
100.333  0.0055329
100.336  -0.00611367
100.383  -0
100.387  0.0059601
100.547  0.00611279
100.602  0.00572783
100.723  0.00637299
100.828  -0
100.994  -0.00607234
101.085  -0.00610131
101.21  -0
101.481  -0.00600185
101.489  0.0116139
101.559  -0.00572922
101.698  0.00619719
101.726  -0
101.768  -0
101.96  -0
102.025  -0
102.228  -0
102.333  -0
102.336  -0
102.383  -0
102.387  0.0059601
102.547  0.00611279
102.602  -0.00572783
102.723  0.00637299
102.828  -0
102.994  0.00607234
103.085  -0.0122026
103.21  -0
103.481  -0
103.489  0.00580697
103.559  -0
103.698  -0
103.726  0.00557872
103.768  -0
103.96  0.00636696
104.025  -0
104.228  0.0061346
104.333  -0.0055329
104.336  -0.00611367
104.383  -0.00556497
104.387  -0.0059601
104.547  -0.00611279
104.602  -0
104.723  -0
104.828  -0
104.994  0.00607234
105.085  0.00610131
105.21  -0.00615818
105.481  -0
105.489  0.00580697
105.559  -0
105.698  -0
105.726  -0
105.768  -0
105.96  -0.00636696
106.025  -0
106.228  -0.0061346
106.333  0.0055329
106.336  -0.00611367
106.383  0.00556497
106.387  -0.0059601
106.547  -0
106.602  -0
106.723  -0
106.828  -0
106.994  -0
107.085  0.00610131
107.21  0.00615818
107.481  -0
107.489  -0.0116139
107.559  -0
107.698  -0.00619719
107.726  -0
107.768  -0
107.96  -0.00636696
108.025  -0
108.228  -0
108.333  -0
108.336  0.00611367
108.383  -0
108.387  0.0059601
108.547  0.00611279
108.602  -0
108.723  0.00637299
108.828  -0
108.994  -0
109.085  -0
109.21  0.00615818
109.481  -0
109.489  -0.00580697
109.559  -0
109.698  -0
109.726  -0.00557872
109.768  -0
109.96  -0
110.025  -0
110.228  -0.0061346
110.333  -0
110.336  0.0122273
110.383  -0.00556497
110.387  0.0059601
110.547  0.00611279
110.602  -0
110.723  -0
110.828  0.00636943
110.994  -0
111.085  -0.00610131
111.21  -0
111.481  -0
111.489  -0
111.559  -0
111.698  -0.00619719
111.726  -0.00557872
111.768  -0
111.96  0.00636696
112.025  -0
112.228  -0
112.333  -0.0055329
112.336  -0.00611367
112.383  -0.00556497
112.387  0.0059601
112.547  -0.00611279
112.602  0.00572783
112.723  -0
112.828  0.00636943
112.994  0.00607234
113.085  -0
113.21  -0.00615818
113.481  -0.00600185
113.489  -0
113.559  -0.00572922
113.698  0.00619719
113.726  -0.00557872
113.768  0.00562802
113.96  -0
114.025  0.00552126
114.228  0.0122692
114.333  -0
114.336  -0.00611367
114.383  -0
114.387  -0
114.547  -0.00611279
114.602  -0
114.723  -0
114.828  -0.00636943
114.994  0.00607234
115.085  -0
115.21  -0
115.481  0.00600185
115.489  -0.00580697
115.559  0.00572922
115.698  0.00619719
115.726  0.00557872
115.768  -0.00562802
115.96  -0
116.025  -0.00552126
116.228  -0.0061346
116.333  -0
116.336  -0
116.383  -0
116.387  -0
116.547  -0
116.602  -0
116.723  -0
116.828  -0.00636943
116.994  -0.00607234
117.085  0.00610131
117.21  -0
117.481  0.00600185
117.489  0.00580697
117.559  -0
117.698  0.00619719
117.726  -0.00557872
117.768  -0.00562802
117.96  -0
118.025  -0
118.228  -0
118.333  -0.0055329
118.336  0.00611367
118.383  0.00556497
118.387  0.0059601
118.547  0.00611279
118.602  -0.00572783
118.723  -0
118.828  -0
118.994  0.00607234
119.085  -0
119.21  -0
119.481  -0
119.489  0.00580697
119.559  -0
119.698  -0.00619719
119.726  -0.00557872
119.768  -0
119.96  0.00636696
