ID/I:XM/F:YM:EXIST
#   X(East)  Y(down)  0.00 means not installed
1 0.000000 0.025845 0.00
2 0.609737 0.025845  0.00
3 -0.609737 0.025845  0.00
4 1.217900 0.025845  1.00
5 -1.217900 0.025845  1.00
6 1.822910 0.025845  1.00
7 -1.822910 0.025845  1.00
8 2.423220 0.025845  1.00
9 -2.423220 0.025845  1.00
10 3.017270 0.025845  1.00
11 -3.017270 0.025845  1.00
12 3.603520 0.025845  1.00
13 -3.603520 0.025845  1.00
14 4.180460 0.025845  1.00
15 -4.180460 0.025845  1.00
16 4.746600 0.025845  1.00
17 -4.746600 0.025845  1.00
18 5.300470 0.025845  1.00
19 -5.300470 0.025845  1.00
20 0.304967 -0.545164  0.00
21 0.304967 0.545164  0.00
22 -0.304967 -0.545164  0.00
23 -0.304967 0.545164  0.00
24 0.914111 -0.545164  1.00
25 0.914111 0.545164  1.00
26 -0.914111 -0.545164  1.00
27 -0.914111 0.545164  1.00
28 1.520890 -0.545164  1.00
29 1.520890 0.545164  1.00
30 -1.520890 -0.545164  1.00
31 -1.520890 0.545164  1.00
32 2.123730 -0.545164  1.00
33 2.123730 0.545164  1.00
34 -2.123730 -0.545164  1.00
35 -2.123730 0.545164  1.00
36 2.721070 -0.545164  1.00
37 2.721070 0.545164  1.00
38 -2.721070 -0.545164  1.00
39 -2.721070 0.545164  1.00
40 3.311370 -0.545164  1.00
41 3.311370 0.545164  1.00
42 -3.311370 -0.545164  1.00
43 -3.311370 0.545164  1.00
44 3.893100 -0.545164  1.00
45 3.893100 0.545164  1.00
46 -3.893100 -0.545164  1.00
47 -3.893100 0.545164  1.00
48 4.464740 -0.545164  1.00
49 4.464740 0.545164  1.00
50 -4.464740 -0.545164  1.00
51 -4.464740 0.545164  1.00
52 5.024830 -0.545164  1.00
53 5.024830 0.545164  1.00
54 -5.024830 -0.545164  1.00
55 -5.024830 0.545164  1.00
56 5.571910 -0.545164  1.00
57 5.571910 0.545164  1.00
58 -5.571910 -0.545164  1.00
59 -5.571910 0.545164  1.00
60 0.000000 -1.114940  1.00
61 0.000000 1.114940  1.00
62 0.609735 -1.114940  1.00
63 0.609735 1.114940  1.00
64 -0.609735 -1.114940  1.00
65 -0.609735 1.114940  1.00
66 1.217880 -1.114940  1.00
67 1.217880 1.114940  1.00
68 -1.217880 -1.114940  1.00
69 -1.217880 1.114940  1.00
70 1.822850 -1.114940  1.00
71 1.822850 1.114940  1.00
72 -1.822850 -1.114940  1.00
73 -1.822850 1.114940  1.00
74 2.423070 -1.114940  1.00
75 2.423070 1.114940  1.00
76 -2.423070 -1.114940  1.00
77 -2.423070 1.114940  1.00
78 3.016980 -1.114940  1.00
79 3.016980 1.114940  1.00
80 -3.016980 -1.114940  1.00
81 -3.016980 1.114940  1.00
82 3.603030 -1.114940  1.00
83 3.603030 1.114940  1.00
84 -3.603030 -1.114940  1.00
85 -3.603030 1.114940  1.00
86 4.179680 -1.114940  1.00
87 4.179680 1.114940  1.00
88 -4.179680 -1.114940  1.00
89 -4.179680 1.114940  1.00
90 4.745450 -1.114940  1.00
91 4.745450 1.114940  1.00
92 -4.745450 -1.114940  1.00
93 -4.745450 1.114940  1.00
94 5.298840 -1.114940  1.00
95 5.298840 1.114940  1.00
96 -5.298840 -1.114940  1.00
97 -5.298840 1.114940  1.00
98 0.304966 -1.682190  1.00
99 0.304966 1.682190  1.00
100 -0.304966 -1.682190  1.00
101 -0.304966 1.682190  1.00
102 0.914095 -1.682190  1.00
103 0.914095 1.682190  1.00
104 -0.914095 -1.682190  1.00
105 -0.914095 1.682190  1.00
106 1.520820 -1.682190  1.00
107 1.520820 1.682190  1.00
108 -1.520820 -1.682190  1.00
109 -1.520820 1.682190  1.00
110 2.123530 -1.682190  1.00
111 2.123530 1.682190  1.00
112 -2.123530 -1.682190  1.00
113 -2.123530 1.682190  1.00
114 2.720640 -1.682190  1.00
115 2.720640 1.682190  1.00
116 -2.720640 -1.682190  1.00
117 -2.720640 1.682190  1.00
118 3.310590 -1.682190  1.00
119 3.310590 1.682190  1.00
120 -3.310590 -1.682190  1.00
121 -3.310590 1.682190  1.00
122 3.891810 -1.682190  1.00
123 3.891810 1.682190  1.00
124 -3.891810 -1.682190  1.00
125 -3.891810 1.682190  1.00
126 4.462780 -1.682190  1.00
127 4.462780 1.682190  1.00
128 -4.462780 -1.682190  1.00
129 -4.462780 1.682190  1.00
130 5.021990 -1.682190  1.00
131 5.021990 1.682190  1.00
132 -5.021990 -1.682190  1.00
133 -5.021990 1.682190  1.00
134 5.567960 -1.682190  1.00
135 5.567960 1.682190  1.00
136 -5.567960 -1.682190  1.00
137 -5.567960 1.682190  1.00
138 0.000000 -2.245630  1.00
139 0.000000 2.245630  1.00
140 0.609727 -2.245630  1.00
141 0.609727 2.245630  1.00
142 -0.609727 -2.245630  1.00
143 -0.609727 2.245630  1.00
144 1.217820 -2.245630  1.00
145 1.217820 2.245630  1.00
146 -1.217820 -2.245630  1.00
147 -1.217820 2.245630  1.00
148 1.822660 -2.245630  1.00
149 1.822660 2.245630  1.00
150 -1.822660 -2.245630  1.00
151 -1.822660 2.245630  1.00
152 2.422610 -2.245630  1.00
153 2.422610 2.245630  1.00
154 -2.422610 -2.245630  1.00
155 -2.422610 2.245630  1.00
156 3.016080 -2.245630  1.00
157 3.016080 2.245630  1.00
158 -3.016080 -2.245630  1.00
159 -3.016080 2.245630  1.00
160 3.601480 -2.245630  1.00
161 3.601480 2.245630  1.00
162 -3.601480 -2.245630  1.00
163 -3.601480 2.245630  1.00
164 4.177230 -2.245630  1.00
165 4.177230 2.245630  1.00
166 -4.177230 -2.245630  1.00
167 -4.177230 2.245630  1.00
168 4.741800 -2.245630  1.00
169 4.741800 2.245630  1.00
170 -4.741800 -2.245630  1.00
171 -4.741800 2.245630  1.00
172 0.304965 -2.803980  1.00
173 0.304965 2.803980  1.00
174 -0.304965 -2.803980  1.00
175 -0.304965 2.803980  1.00
176 0.914062 -2.803980  1.00
177 0.914062 2.803980  1.00
178 -0.914062 -2.803980  1.00
179 -0.914062 2.803980  1.00
180 1.520660 -2.803980  1.00
181 1.520660 2.803980  1.00
182 -1.520660 -2.803980  1.00
183 -1.520660 2.803980  1.00
184 2.123100 -2.803980  1.00
185 2.123100 2.803980  1.00
186 -2.123100 -2.803980  1.00
187 -2.123100 2.803980  1.00
188 2.719750 -2.803980  1.00
189 2.719750 2.803980  1.00
190 -2.719750 -2.803980  1.00
191 -2.719750 2.803980  1.00
192 3.308960 -2.803980  1.00
193 3.308960 2.803980  1.00
194 -3.308960 -2.803980  1.00
195 -3.308960 2.803980  1.00
196 3.889120 -2.803980  1.00
197 3.889120 2.803980  1.00
198 -3.889120 -2.803980  1.00
199 -3.889120 2.803980  1.00
200 4.458660 -2.803980  1.00
201 4.458660 2.803980  1.00
202 -4.458660 -2.803980  1.00
203 -4.458660 2.803980  1.00
204 5.016020 -2.803980  1.00
205 5.016020 2.803980  1.00
206 -5.016020 -2.803980  1.00
207 -5.016020 2.803980  1.00
208 0.000000 -3.355980  1.00
209 0.000000 3.355980  1.00
210 0.609715 -3.355980  1.00
211 0.609715 3.355980  1.00
212 -0.609715 -3.355980  1.00
213 -0.609715 3.355980  1.00
214 1.217720 -3.355980  1.00
215 1.217720 3.355980  1.00
216 -1.217720 -3.355980  1.00
217 -1.217720 3.355980  1.00
218 1.822310 -3.355980  1.00
219 1.822310 3.355980  1.00
220 -1.822310 -3.355980  1.00
221 -1.822310 3.355980  1.00
222 2.421800 -3.355980  1.00
223 2.421800 3.355980  1.00
224 -2.421800 -3.355980  1.00
225 -2.421800 3.355980  1.00
226 3.014500 -3.355980  1.00
227 3.014500 3.355980  1.00
228 -3.014500 -3.355980  1.00
229 -3.014500 3.355980  1.00
230 3.598750 -3.355980  1.00
231 3.598750 3.355980  1.00
232 -3.598750 -3.355980  1.00
233 -3.598750 3.355980  1.00
234 4.172910 -3.355980  1.00
235 4.172910 3.355980  1.00
236 -4.172910 -3.355980  1.00
237 -4.172910 3.355980  1.00
238 4.735380 -3.355980  1.00
239 4.735380 3.355980  1.00
240 -4.735380 -3.355980  1.00
241 -4.735380 3.355980  1.00
242 0.304963 -3.900370  1.00
243 0.304963 3.900370  1.00
244 -0.304963 -3.900370  1.00
245 -0.304963 3.900370  1.00
246 0.914008 -3.900370  1.00
247 0.914008 3.900370  1.00
248 -0.914008 -3.900370  1.00
249 -0.914008 3.900370  1.00
250 1.520410 -3.900370  1.00
251 1.520410 3.900370  1.00
252 -1.520410 -3.900370  1.00
253 -1.520410 3.900370  1.00
254 2.122430 -3.900370  1.00
255 2.122430 3.900370  1.00
256 -2.122430 -3.900370  1.00
257 -2.122430 3.900370  1.00
258 2.718310 -3.900370  1.00
259 2.718310 3.900370  1.00
260 -2.718310 -3.900370  1.00
261 -2.718310 3.900370  1.00
262 3.306340 -3.900370  1.00
263 3.306340 3.900370  1.00
264 -3.306340 -3.900370  1.00
265 -3.306340 3.900370  1.00
266 3.884820 -3.900370  1.00
267 3.884820 3.900370  1.00
268 -3.884820 -3.900370  1.00
269 -3.884820 3.900370  1.00
270 4.452080 -3.900370  1.00
271 4.452080 3.900370  1.00
272 -4.452080 -3.900370  1.00
273 -4.452080 3.900370  1.00
274 0.000000 -4.435940  1.00
275 0.000000 4.435940  1.00
276 0.609695 -4.435940  1.00
277 0.609695 4.435940  1.00
278 -0.609695 -4.435940  1.00
279 -0.609695 4.435940  1.00
280 1.217570 -4.435940  1.00
281 1.217570 4.435940  1.00
282 -1.217570 -4.435940  1.00
283 -1.217570 4.435940  1.00
284 1.821790 -4.435940  1.00
285 1.821790 4.435940  1.00
286 -1.821790 -4.435940  1.00
287 -1.821790 4.435940  1.00
288 2.420570 -4.435940  1.00
289 2.420570 4.435940  1.00
290 -2.420570 -4.435940  1.00
291 -2.420570 4.435940  1.00
292 3.012100 -4.435940  1.00
293 3.012100 4.435940  1.00
294 -3.012100 -4.435940  1.00
295 -3.012100 4.435940  1.00
296 3.594620 -4.435940  1.00
297 3.594620 4.435940  1.00
298 -3.594620 -4.435940  1.00
299 -3.594620 4.435940  1.00
300 4.166390 -4.435940  1.00
301 4.166390 4.435940  1.00
302 -4.166390 -4.435940  1.00
303 -4.166390 4.435940  1.00
304 0.304960 -4.961450  1.00
305 0.304960 4.961450  1.00
306 -0.304960 -4.961450  1.00
307 -0.304960 4.961450  1.00
308 0.913930 -4.961450  1.00
309 0.913930 4.961450  1.00
310 -0.913930 -4.961450  1.00
311 -0.913930 4.961450  1.00
312 1.520050 -4.961450  1.00
313 1.520050 4.961450  1.00
314 -1.520050 -4.961450  1.00
315 -1.520050 4.961450  1.00
316 2.121440 -4.961450  1.00
317 2.121440 4.961450  1.00
318 -2.121440 -4.961450  1.00
319 -2.121440 4.961450  1.00
320 2.716210 -4.961450  1.00
321 2.716210 4.961450  1.00
322 -2.716210 -4.961450  1.00
323 -2.716210 4.961450  1.00
324 3.302530 -4.961450  1.00
325 3.302530 4.961450  1.00
326 -3.302530 -4.961450  1.00
327 -3.302530 4.961450  1.00
328 0.000000 -5.475720  1.00
329 0.000000 5.475720  1.00
330 0.609668 -5.475720  1.00
331 0.609668 5.475720  1.00
332 -0.609668 -5.475720  1.00
333 -0.609668 5.475720  1.00
334 1.217350 -5.475720  1.00
335 1.217350 5.475720  1.00
336 -1.217350 -5.475720  1.00
337 -1.217350 5.475720  1.00
338 1.821050 -5.475720  1.00
339 1.821050 5.475720  1.00
340 -1.821050 -5.475720  1.00
341 -1.821050 5.475720  1.00
342 2.418820 -5.475720  1.00
343 2.418820 5.475720  1.00
344 -2.418820 -5.475720  1.00
345 -2.418820 5.475720  1.00
346 0.304956 -5.977590  1.00
347 0.304956 5.977590  1.00
348 -0.304956 -5.977590  1.00
349 -0.304956 5.977590  1.00
350 0.913821 -5.977590  1.00
351 0.913821 5.977590  1.00
352 -0.913821 -5.977590  1.00
353 -0.913821 5.977590  1.00
354 1.519550 -5.977590  1.00
355 1.519550 5.977590  1.00
356 -1.519550 -5.977590  1.00
357 -1.519550 5.977590  1.00
