14000 1
0.0000 -0.0281
0.2500 -0.0246
0.5000 -0.0211
0.7500 -0.0176
1.0000 -0.0141
1.2500 -0.0105
1.5000 -0.0070
1.7500 -0.0035
2.0000 -0.0000
2.2500 -0.0000
2.5000 -0.0000
2.7500 -0.0000
3.0000 -0.0000
3.2500 -0.0036
3.5000 -0.0039
3.7500 -0.0012
4.0000 -0.0062
4.2500 -0.0022
4.5000 -0.0020
4.7500 -0.0035
5.0000 -0.0132
5.2500 -0.0141
5.5000 -0.0151
5.7500 -0.0118
6.0000 -0.0194
6.2500 -0.0116
6.5000 -0.0165
6.7500 -0.0273
7.0000 -0.0370
7.2500 -0.0393
7.5000 -0.0446
7.7500 -0.0449
8.0000 -0.0556
8.2500 -0.0566
8.5000 -0.0642
8.7500 -0.0948
9.0000 -0.0895
9.2500 -0.1166
9.5000 -0.1263
9.7500 -0.1294
10.0000 -0.1466
10.2500 -0.1555
10.5000 -0.1842
10.7500 -0.2076
11.0000 -0.2355
11.2500 -0.2642
11.5000 -0.2693
11.7500 -0.2820
12.0000 -0.3097
12.2500 -0.3432
12.5000 -0.3750
12.7500 -0.4304
13.0000 -0.4631
13.2500 -0.4883
13.5000 -0.5062
13.7500 -0.5379
14.0000 -0.5776
14.2500 -0.6104
14.5000 -0.6626
14.7500 -0.7099
15.0000 -0.7529
15.2500 -0.7724
15.5000 -0.7916
15.7500 -0.8147
16.0000 -0.8517
16.2500 -0.8798
16.5000 -0.9055
16.7500 -0.9411
17.0000 -0.9574
17.2500 -0.9648
17.5000 -0.9747
17.7500 -0.9798
18.0000 -0.9898
18.2500 -0.9949
18.5000 -1.0000
18.7500 -0.9899
19.0000 -0.9865
19.2500 -0.9891
19.5000 -0.9676
19.7500 -0.9622
20.0000 -0.9403
20.2500 -0.9234
20.5000 -0.9015
20.7500 -0.8828
21.0000 -0.8627
21.2500 -0.8522
21.5000 -0.8414
21.7500 -0.8097
22.0000 -0.7915
22.2500 -0.7596
22.5000 -0.7395
22.7500 -0.7226
23.0000 -0.6967
23.2500 -0.6866
23.5000 -0.6778
23.7500 -0.6626
24.0000 -0.6375
24.2500 -0.6137
24.5000 -0.5910
24.7500 -0.5812
25.0000 -0.5587
25.2500 -0.5519
25.5000 -0.5416
25.7500 -0.5294
26.0000 -0.5116
26.2500 -0.5004
26.5000 -0.4754
26.7500 -0.4701
27.0000 -0.4550
27.2500 -0.4530
27.5000 -0.4390
27.7500 -0.4273
28.0000 -0.4130
28.2500 -0.3993
28.5000 -0.3812
28.7500 -0.3732
29.0000 -0.3736
29.2500 -0.3632
29.5000 -0.3589
29.7500 -0.3505
30.0000 -0.3413
30.2500 -0.3302
30.5000 -0.3182
30.7500 -0.3088
31.0000 -0.3101
31.2500 -0.3037
31.5000 -0.2995
31.7500 -0.2909
32.0000 -0.2872
32.2500 -0.2702
32.5000 -0.2675
32.7500 -0.2646
33.0000 -0.2547
33.2500 -0.2611
33.5000 -0.2592
33.7500 -0.2515
34.0000 -0.2443
34.2500 -0.2389
34.5000 -0.2290
34.7500 -0.2381
35.0000 -0.2313
35.2500 -0.2344
35.5000 -0.2297
35.7500 -0.2258
36.0000 -0.2210
36.2500 -0.2113
36.5000 -0.2049
36.7500 -0.2111
37.0000 -0.2033
37.2500 -0.2007
37.5000 -0.2088
37.7500 -0.2017
38.0000 -0.1962
38.2500 -0.1925
38.5000 -0.1836
38.7500 -0.1864
39.0000 -0.1788
39.2500 -0.1861
39.5000 -0.1896
39.7500 -0.1791
40.0000 -0.1723
40.2500 -0.1618
40.5000 -0.1566
40.7500 -0.1633
41.0000 -0.1513
41.2500 -0.1530
41.5000 -0.1576
41.7500 -0.1443
42.0000 -0.1396
42.2500 -0.1260
42.5000 -0.1205
42.7500 -0.1277
43.0000 -0.1169
43.2500 -0.1172
43.5000 -0.1112
43.7500 -0.1058
44.0000 -0.0956
44.2500 -0.0894
44.5000 -0.0851
44.7500 -0.0817
45.0000 -0.0657
45.2500 -0.0760
45.5000 -0.0768
45.7500 -0.0621
46.0000 -0.0571
46.2500 -0.0442
46.5000 -0.0421
46.7500 -0.0451
47.0000 -0.0271
47.2500 -0.0511
47.5000 -0.0386
47.7500 -0.0330
48.0000 -0.0365
48.2500 -0.0275
48.5000 -0.0354
48.7500 -0.0395
49.0000 -0.0317
49.2500 -0.0453
49.5000 -0.0489
49.7500 -0.0508
50.0000 -0.0499
50.2500 -0.0537
50.5000 -0.0626
50.7500 -0.0716
51.0000 -0.0657
51.2500 -0.0845
51.5000 -0.0843
51.7500 -0.0848
52.0000 -0.0869
52.2500 -0.0851
52.5000 -0.0939
52.7500 -0.1036
53.0000 -0.1070
53.2500 -0.1173
53.5000 -0.1129
53.7500 -0.1144
54.0000 -0.1161
54.2500 -0.1102
54.5000 -0.1193
54.7500 -0.1223
55.0000 -0.1229
55.2500 -0.1290
55.5000 -0.1300
55.7500 -0.1240
56.0000 -0.1210
56.2500 -0.1186
56.5000 -0.1213
56.7500 -0.1204
57.0000 -0.1185
57.2500 -0.1205
57.5000 -0.1148
57.7500 -0.1229
58.0000 -0.1190
58.2500 -0.1162
58.5000 -0.1144
58.7500 -0.1167
59.0000 -0.1223
59.2500 -0.1235
59.5000 -0.1249
59.7500 -0.1205
60.0000 -0.1086
60.2500 -0.1103
60.5000 -0.1108
60.7500 -0.1166
61.0000 -0.1223
61.2500 -0.1254
61.5000 -0.1229
61.7500 -0.1202
62.0000 -0.1120
62.2500 -0.1059
62.5000 -0.1062
62.7500 -0.1159
63.0000 -0.1127
63.2500 -0.1180
63.5000 -0.1187
63.7500 -0.1087
64.0000 -0.1170
64.2500 -0.1107
64.5000 -0.1168
64.7500 -0.1080
65.0000 -0.1135
65.2500 -0.1146
65.5000 -0.1036
65.7500 -0.1097
66.0000 -0.1133
66.2500 -0.1010
66.5000 -0.1111
66.7500 -0.0904
67.0000 -0.0924
*
17300 1
0.0000 -0.0056
0.2500 -0.0028
0.5000 -0.0000
0.7500 -0.0000
1.0000 -0.0000
1.2500 -0.0000
1.5000 -0.0000
1.7500 -0.0000
2.0000 -0.0000
2.2500 -0.0015
2.5000 -0.0030
2.7500 -0.0000
3.0000 -0.0000
3.2500 -0.0007
3.5000 -0.0000
3.7500 -0.0006
4.0000 -0.0034
4.2500 -0.0044
4.5000 -0.0121
4.7500 -0.0148
5.0000 -0.0198
5.2500 -0.0221
5.5000 -0.0232
5.7500 -0.0280
6.0000 -0.0335
6.2500 -0.0396
6.5000 -0.0567
6.7500 -0.0614
7.0000 -0.0737
7.2500 -0.0809
7.5000 -0.0823
7.7500 -0.0947
8.0000 -0.1091
8.2500 -0.1287
8.5000 -0.1500
8.7500 -0.1694
9.0000 -0.1934
9.2500 -0.2083
9.5000 -0.2146
9.7500 -0.2383
10.0000 -0.2674
10.2500 -0.3027
10.5000 -0.3347
10.7500 -0.3704
11.0000 -0.4021
11.2500 -0.4266
11.5000 -0.4318
11.7500 -0.4657
12.0000 -0.5046
12.2500 -0.5465
12.5000 -0.5844
12.7500 -0.6180
13.0000 -0.6561
13.2500 -0.6826
13.5000 -0.6863
13.7500 -0.7166
14.0000 -0.7519
14.2500 -0.7890
14.5000 -0.8197
14.7500 -0.8445
15.0000 -0.8711
15.2500 -0.8882
15.5000 -0.8859
15.7500 -0.9047
16.0000 -0.9250
16.2500 -0.9421
16.5000 -0.9597
16.7500 -0.9757
17.0000 -0.9865
17.2500 -0.9918
17.5000 -0.9867
17.7500 -0.9913
18.0000 -0.9958
18.2500 -1.0000
18.5000 -0.9984
18.7500 -0.9989
19.0000 -0.9982
19.2500 -0.9989
19.5000 -0.9848
19.7500 -0.9815
20.0000 -0.9745
20.2500 -0.9675
20.5000 -0.9578
20.7500 -0.9460
21.0000 -0.9314
21.2500 -0.9193
21.5000 -0.9048
21.7500 -0.8892
22.0000 -0.8692
22.2500 -0.8458
22.5000 -0.8299
22.7500 -0.8105
23.0000 -0.7823
23.2500 -0.7618
23.5000 -0.7448
23.7500 -0.7225
24.0000 -0.6966
24.2500 -0.6729
24.5000 -0.6513
24.7500 -0.6327
25.0000 -0.6051
25.2500 -0.5830
25.5000 -0.5661
25.7500 -0.5448
26.0000 -0.5228
26.2500 -0.5013
26.5000 -0.4869
26.7500 -0.4740
27.0000 -0.4524
27.2500 -0.4354
27.5000 -0.4230
27.7500 -0.4089
28.0000 -0.3929
28.2500 -0.3768
28.5000 -0.3733
28.7500 -0.3598
29.0000 -0.3457
29.2500 -0.3344
29.5000 -0.3244
29.7500 -0.3141
30.0000 -0.3021
30.2500 -0.2901
30.5000 -0.2861
30.7500 -0.2815
31.0000 -0.2699
31.2500 -0.2591
31.5000 -0.2526
31.7500 -0.2455
32.0000 -0.2360
32.2500 -0.2281
32.5000 -0.2252
32.7500 -0.2222
33.0000 -0.2138
33.2500 -0.2089
33.5000 -0.2007
33.7500 -0.1971
34.0000 -0.1907
34.2500 -0.1856
34.5000 -0.1825
34.7500 -0.1820
35.0000 -0.1768
35.2500 -0.1726
35.5000 -0.1671
35.7500 -0.1633
36.0000 -0.1578
36.2500 -0.1516
36.5000 -0.1541
36.7500 -0.1481
37.0000 -0.1455
37.2500 -0.1412
37.5000 -0.1375
37.7500 -0.1333
38.0000 -0.1268
38.2500 -0.1204
38.5000 -0.1257
38.7500 -0.1185
39.0000 -0.1139
39.2500 -0.1079
39.5000 -0.1047
39.7500 -0.0995
40.0000 -0.0923
40.2500 -0.0851
40.5000 -0.0831
40.7500 -0.0762
41.0000 -0.0728
41.2500 -0.0696
41.5000 -0.0655
41.7500 -0.0585
42.0000 -0.0510
42.2500 -0.0439
42.5000 -0.0405
42.7500 -0.0360
43.0000 -0.0330
43.2500 -0.0299
43.5000 -0.0262
43.7500 -0.0213
44.0000 -0.0169
44.2500 -0.0100
44.5000 -0.0121
44.7500 -0.0085
45.0000 -0.0081
45.2500 -0.0070
45.5000 -0.0053
45.7500 -0.0032
46.0000 -0.0016
46.2500 -0.0000
46.5000 -0.0040
46.7500 -0.0042
47.0000 -0.0068
47.2500 -0.0040
47.5000 -0.0053
47.7500 -0.0032
48.0000 -0.0036
48.2500 -0.0015
48.5000 -0.0060
48.7500 -0.0106
49.0000 -0.0095
49.2500 -0.0096
49.5000 -0.0087
49.7500 -0.0090
50.0000 -0.0087
50.2500 -0.0085
50.5000 -0.0161
50.7500 -0.0148
51.0000 -0.0199
51.2500 -0.0202
51.5000 -0.0196
51.7500 -0.0212
52.0000 -0.0227
52.2500 -0.0212
52.5000 -0.0323
52.7500 -0.0339
53.0000 -0.0375
53.2500 -0.0396
53.5000 -0.0401
53.7500 -0.0421
54.0000 -0.0428
54.2500 -0.0438
54.5000 -0.0506
54.7500 -0.0529
55.0000 -0.0583
55.2500 -0.0598
55.5000 -0.0610
55.7500 -0.0625
56.0000 -0.0626
56.2500 -0.0624
56.5000 -0.0689
56.7500 -0.0741
57.0000 -0.0732
57.2500 -0.0717
57.5000 -0.0711
57.7500 -0.0705
58.0000 -0.0705
58.2500 -0.0681
58.5000 -0.0729
58.7500 -0.0741
59.0000 -0.0718
59.2500 -0.0696
59.5000 -0.0680
59.7500 -0.0676
60.0000 -0.0649
60.2500 -0.0651
60.5000 -0.0668
60.7500 -0.0698
61.0000 -0.0664
61.2500 -0.0634
61.5000 -0.0644
61.7500 -0.0635
62.0000 -0.0611
62.2500 -0.0609
62.5000 -0.0649
62.7500 -0.0656
63.0000 -0.0655
63.2500 -0.0647
63.5000 -0.0625
63.7500 -0.0626
64.0000 -0.0618
64.2500 -0.0598
64.5000 -0.0586
64.7500 -0.0614
65.0000 -0.0629
65.2500 -0.0620
65.5000 -0.0610
65.7500 -0.0591
66.0000 -0.0574
66.2500 -0.0540
*
21600 0.89
0.0000 -0.0000
0.2500 -0.0000
0.5000 -0.0000
0.7500 -0.0000
1.0000 -0.0000
1.2500 -0.0000
1.5000 -0.0000
1.7500 -0.0000
2.0000 -0.0000
2.2500 -0.0000
2.5000 -0.0000
2.7500 -0.0000
3.0000 -0.0000
3.2500 -0.0000
3.5000 -0.0000
3.7500 -0.0000
4.0000 -0.0065
4.2500 -0.0099
4.5000 -0.0073
4.7500 -0.0048
5.0000 -0.0048
5.2500 -0.0048
5.5000 -0.0014
5.7500 -0.0081
6.0000 -0.0176
6.2500 -0.0248
6.5000 -0.0243
6.7500 -0.0239
7.0000 -0.0227
7.2500 -0.0216
7.5000 -0.0250
7.7500 -0.0326
8.0000 -0.0460
8.2500 -0.0546
8.5000 -0.0583
8.7500 -0.0621
9.0000 -0.0672
9.2500 -0.0724
9.5000 -0.0784
9.7500 -0.0949
10.0000 -0.1181
10.2500 -0.1339
10.5000 -0.1410
10.7500 -0.1481
11.0000 -0.1704
11.2500 -0.1927
11.5000 -0.2101
11.7500 -0.2410
12.0000 -0.2777
12.2500 -0.3125
12.5000 -0.3211
12.7500 -0.3297
13.0000 -0.3730
13.2500 -0.4164
13.5000 -0.4432
13.7500 -0.4857
14.0000 -0.5293
14.2500 -0.5654
14.5000 -0.5790
14.7500 -0.5925
15.0000 -0.6403
15.2500 -0.6880
15.5000 -0.7158
15.7500 -0.7548
16.0000 -0.7921
16.2500 -0.8233
16.5000 -0.8345
16.7500 -0.8458
17.0000 -0.8762
17.2500 -0.9065
17.5000 -0.9239
17.7500 -0.9467
18.0000 -0.9674
18.2500 -0.9820
18.5000 -0.9832
18.7500 -0.9844
19.0000 -0.9911
19.2500 -0.9979
19.5000 -0.9996
19.7500 -1.0000
20.0000 -0.9982
20.2500 -0.9969
20.5000 -0.9882
20.7500 -0.9796
21.0000 -0.9658
21.2500 -0.9519
21.5000 -0.9399
21.7500 -0.9234
22.0000 -0.9064
22.2500 -0.8878
22.5000 -0.8739
22.7500 -0.8601
23.0000 -0.8351
23.2500 -0.8100
23.5000 -0.7936
23.7500 -0.7706
24.0000 -0.7468
24.2500 -0.7241
24.5000 -0.7085
24.7500 -0.6929
25.0000 -0.6625
25.2500 -0.6321
25.5000 -0.6181
25.7500 -0.5941
26.0000 -0.5716
26.2500 -0.5505
26.5000 -0.5357
26.7500 -0.5209
27.0000 -0.4971
27.2500 -0.4734
27.5000 -0.4600
27.7500 -0.4441
28.0000 -0.4314
28.2500 -0.4166
28.5000 -0.4090
28.7500 -0.4014
29.0000 -0.3809
29.2500 -0.3605
29.5000 -0.3538
29.7500 -0.3433
30.0000 -0.3350
30.2500 -0.3273
30.5000 -0.3190
30.7500 -0.3106
31.0000 -0.2983
31.2500 -0.2861
31.5000 -0.2788
31.7500 -0.2731
32.0000 -0.2694
32.2500 -0.2629
32.5000 -0.2557
32.7500 -0.2485
33.0000 -0.2396
33.2500 -0.2308
33.5000 -0.2248
33.7500 -0.2197
34.0000 -0.2211
34.2500 -0.2133
34.5000 -0.2094
34.7500 -0.2055
35.0000 -0.1977
35.2500 -0.1899
35.5000 -0.1859
35.7500 -0.1839
36.0000 -0.1883
36.2500 -0.1835
36.5000 -0.1802
36.7500 -0.1768
37.0000 -0.1677
37.2500 -0.1587
37.5000 -0.1567
37.7500 -0.1541
38.0000 -0.1620
38.2500 -0.1537
38.5000 -0.1533
38.7500 -0.1529
39.0000 -0.1426
39.2500 -0.1323
39.5000 -0.1284
39.7500 -0.1271
40.0000 -0.1315
40.2500 -0.1289
40.5000 -0.1266
40.7500 -0.1242
41.0000 -0.1138
41.2500 -0.1033
41.5000 -0.0992
41.7500 -0.0953
42.0000 -0.1007
42.2500 -0.0942
42.5000 -0.0925
42.7500 -0.0908
43.0000 -0.0766
43.2500 -0.0624
43.5000 -0.0604
43.7500 -0.0561
44.0000 -0.0571
44.2500 -0.0496
44.5000 -0.0487
44.7500 -0.0478
45.0000 -0.0372
45.2500 -0.0267
45.5000 -0.0195
45.7500 -0.0189
46.0000 -0.0240
46.2500 -0.0198
46.5000 -0.0195
46.7500 -0.0191
47.0000 -0.0107
47.2500 -0.0023
47.5000 -0.0014
47.7500 -0.0021
48.0000 -0.0088
48.2500 -0.0099
48.5000 -0.0097
48.7500 -0.0096
49.0000 -0.0061
49.2500 -0.0026
49.5000 -0.0028
49.7500 -0.0063
50.0000 -0.0176
50.2500 -0.0198
50.5000 -0.0171
50.7500 -0.0143
51.0000 -0.0144
51.2500 -0.0145
51.5000 -0.0132
51.7500 -0.0203
52.0000 -0.0284
52.2500 -0.0347
52.5000 -0.0317
52.7500 -0.0287
53.0000 -0.0324
53.2500 -0.0360
53.5000 -0.0354
53.7500 -0.0406
54.0000 -0.0548
54.2500 -0.0546
54.5000 -0.0583
54.7500 -0.0621
55.0000 -0.0587
55.2500 -0.0553
55.5000 -0.0590
55.7500 -0.0615
56.0000 -0.0700
56.2500 -0.0694
56.5000 -0.0729
56.7500 -0.0765
57.0000 -0.0730
57.2500 -0.0695
57.5000 -0.0680
57.7500 -0.0724
58.0000 -0.0809
58.2500 -0.0794
58.5000 -0.0779
58.7500 -0.0765
59.0000 -0.0743
59.2500 -0.0721
59.5000 -0.0707
59.7500 -0.0716
60.0000 -0.0809
60.2500 -0.0794
60.5000 -0.0755
60.7500 -0.0717
61.0000 -0.0695
61.2500 -0.0673
61.5000 -0.0645
61.7500 -0.0662
62.0000 -0.0744
62.2500 -0.0694
62.5000 -0.0706
62.7500 -0.0717
63.0000 -0.0683
63.2500 -0.0650
63.5000 -0.0617
63.7500 -0.0643
64.0000 -0.0707
64.2500 -0.0696
64.5000 -0.0684
64.7500 -0.0673
65.0000 -0.0661
65.2500 -0.0650
65.5000 -0.0611
65.7500 -0.0612
66.0000 -0.0610
66.2500 -0.0608
66.5000 -0.0607
66.7500 -0.0605
67.0000 -0.0603
67.2500 -0.0602
67.5000 -0.0569
*
34300 0.6
0.0000 -0.0000
0.2500 -0.0000
0.5000 -0.0000
0.7500 -0.0000
1.0000 -0.0000
1.2500 -0.0000
1.5000 -0.0000
1.7500 -0.0000
2.0000 -0.0000
2.2500 -0.0000
2.5000 -0.0000
2.7500 -0.0000
3.0000 -0.0000
3.2500 -0.0000
3.5000 -0.0000
3.7500 -0.0000
4.0000 -0.0000
4.2500 -0.0000
4.5000 -0.0000
4.7500 -0.0000
5.0000 -0.0000
5.2500 -0.0000
5.5000 -0.0015
5.7500 -0.0031
6.0000 -0.0046
6.2500 -0.0047
6.5000 -0.0092
6.7500 -0.0095
7.0000 -0.0139
7.2500 -0.0135
7.5000 -0.0197
7.7500 -0.0260
8.0000 -0.0323
8.2500 -0.0374
8.5000 -0.0506
8.7500 -0.0555
9.0000 -0.0693
9.2500 -0.0711
9.5000 -0.0873
9.7500 -0.1036
10.0000 -0.1199
10.2500 -0.1357
10.5000 -0.1703
10.7500 -0.1808
11.0000 -0.2031
11.2500 -0.2104
11.5000 -0.2386
11.7500 -0.2668
12.0000 -0.2950
12.2500 -0.3181
12.5000 -0.3635
12.7500 -0.3807
13.0000 -0.4048
13.2500 -0.4178
13.5000 -0.4522
13.7500 -0.4865
14.0000 -0.5209
14.2500 -0.5426
14.5000 -0.5890
14.7500 -0.6092
15.0000 -0.6309
15.2500 -0.6440
15.5000 -0.6721
15.7500 -0.7002
16.0000 -0.7283
16.2500 -0.7437
16.5000 -0.7869
16.7500 -0.7981
17.0000 -0.8170
17.2500 -0.8259
17.5000 -0.8425
17.7500 -0.8592
18.0000 -0.8759
18.2500 -0.8841
18.5000 -0.9065
18.7500 -0.9108
19.0000 -0.9216
19.2500 -0.9313
19.5000 -0.9374
19.7500 -0.9435
20.0000 -0.9496
20.2500 -0.9542
20.5000 -0.9709
20.7500 -0.9727
21.0000 -0.9785
21.2500 -0.9804
21.5000 -0.9824
21.7500 -0.9845
22.0000 -0.9865
22.2500 -0.9917
22.5000 -0.9939
22.7500 -0.9996
23.0000 -1.0000
23.2500 -0.9965
23.5000 -0.9931
23.7500 -0.9898
24.0000 -0.9865
24.2500 -0.9870
24.5000 -0.9755
24.7500 -0.9743
25.0000 -0.9661
25.2500 -0.9564
25.5000 -0.9434
25.7500 -0.9304
26.0000 -0.9174
26.2500 -0.9028
26.5000 -0.8835
26.7500 -0.8712
27.0000 -0.8568
27.2500 -0.8499
27.5000 -0.8263
27.7500 -0.8027
28.0000 -0.7791
28.2500 -0.7625
28.5000 -0.7316
28.7500 -0.7189
29.0000 -0.6999
29.2500 -0.7049
29.5000 -0.6774
29.7500 -0.6499
30.0000 -0.6223
30.2500 -0.5987
30.5000 -0.5706
30.7500 -0.5570
31.0000 -0.5415
31.2500 -0.5452
31.5000 -0.5202
31.7500 -0.4952
32.0000 -0.4702
32.2500 -0.4537
32.5000 -0.4371
32.7500 -0.4237
33.0000 -0.4107
33.2500 -0.4150
33.5000 -0.3965
33.7500 -0.3780
34.0000 -0.3596
34.2500 -0.3461
34.5000 -0.3313
34.7500 -0.3222
35.0000 -0.3123
35.2500 -0.3157
35.5000 -0.3011
35.7500 -0.2865
36.0000 -0.2720
36.2500 -0.2619
36.5000 -0.2485
36.7500 -0.2428
37.0000 -0.2338
37.2500 -0.2372
37.5000 -0.2258
37.7500 -0.2143
38.0000 -0.2028
38.2500 -0.1918
38.5000 -0.1841
38.7500 -0.1793
39.0000 -0.1754
39.2500 -0.1756
39.5000 -0.1678
39.7500 -0.1599
40.0000 -0.1521
40.2500 -0.1450
40.5000 -0.1334
40.7500 -0.1333
41.0000 -0.1277
41.2500 -0.1276
41.5000 -0.1188
41.7500 -0.1101
42.0000 -0.1014
42.2500 -0.0982
42.5000 -0.0920
42.7500 -0.0905
43.0000 -0.0816
43.2500 -0.0809
43.5000 -0.0723
43.7500 -0.0638
44.0000 -0.0553
44.2500 -0.0515
44.5000 -0.0460
44.7500 -0.0429
45.0000 -0.0400
45.2500 -0.0376
45.5000 -0.0328
45.7500 -0.0279
46.0000 -0.0230
46.2500 -0.0187
46.5000 -0.0138
46.7500 -0.0143
47.0000 -0.0108
47.2500 -0.0106
47.5000 -0.0101
47.7500 -0.0097
48.0000 -0.0092
48.2500 -0.0047
48.5000 -0.0046
48.7500 -0.0032
49.0000 -0.0046
49.2500 -0.0044
49.5000 -0.0045
49.7500 -0.0045
50.0000 -0.0046
50.2500 -0.0047
50.5000 -0.0046
50.7500 -0.0048
51.0000 -0.0061
51.2500 -0.0067
51.5000 -0.0060
51.7500 -0.0053
52.0000 -0.0046
52.2500 -0.0094
52.5000 -0.0092
52.7500 -0.0079
53.0000 -0.0108
53.2500 -0.0079
53.5000 -0.0083
53.7500 -0.0088
54.0000 -0.0092
54.2500 -0.0094
54.5000 -0.0092
54.7500 -0.0095
55.0000 -0.0108
55.2500 -0.0112
55.5000 -0.0121
55.7500 -0.0130
56.0000 -0.0138
56.2500 -0.0187
56.5000 -0.0184
56.7500 -0.0222
57.0000 -0.0231
57.2500 -0.0218
57.5000 -0.0253
57.7500 -0.0288
58.0000 -0.0323
58.2500 -0.0327
58.5000 -0.0368
58.7500 -0.0381
59.0000 -0.0415
59.2500 -0.0410
59.5000 -0.0442
59.7500 -0.0475
60.0000 -0.0507
60.2500 -0.0515
60.5000 -0.0552
60.7500 -0.0571
61.0000 -0.0600
61.2500 -0.0582
61.5000 -0.0588
61.7500 -0.0594
62.0000 -0.0599
62.2500 -0.0608
62.5000 -0.0644
62.7500 -0.0619
63.0000 -0.0615
63.2500 -0.0620
63.5000 -0.0617
63.7500 -0.0614
64.0000 -0.0611
64.2500 -0.0608
64.5000 -0.0598
64.7500 -0.0621
65.0000 -0.0615
65.2500 -0.0611
65.5000 -0.0611
65.7500 -0.0610
66.0000 -0.0609
66.2500 -0.0608
66.5000 -0.0598
66.7500 -0.0573
67.0000 -0.0615
67.2500 -0.0599
