-9999 -9999
100000 1
8  0.0267193
8.03922  -0.00691379
8.18329  -0.0106281
8.25718  0.0139558
8.26144  -0.00291027
8.26169  -0.00835063
8.28362  0.00201144
8.44879  0.0292451
8.49313  0.00749313
8.5102  -0.00737755
8.54919  0.0045446
8.56567  -0.00532964
8.63279  -0.00187623
8.69704  -0
8.72697  -0.00490777
8.73168  -0.00277889
8.84971  -0.0516628
8.99517  -0.00724666
9.03234  -0.00210084
9.08742  -0
9.1369  0.0132148
9.22036  0.0387596
9.25536  -0.0238416
9.31595  -0
9.33035  -0.0174259
9.35299  0.00197443
9.37895  -0.0019866
9.47072  0.0160035
9.49037  -0
9.5399  0.02299
9.55911  -0.0190138
9.61869  0.00625755
9.63844  0.00276477
9.64587  -0.0136322
9.67663  -0.0019461
9.75617  -0.00857381
9.87896  -0.0245555
9.88494  -0.0167761
9.97512  -0.00476563
10  -0.00152183
10  0.00763409
10.0392  -0.0241983
10.1833  -0.0106281
10.2572  -0.0209337
10.2614  -0.0174616
10.2617  -0.00835063
10.2836  0.00201144
10.4488  -0.0194967
10.4931  -0.00499542
10.5102  -0.00737755
10.5492  0.0272676
10.5657  -0.00532964
10.6328  -0.00187623
10.697  -0.016863
10.727  -0.00490777
10.7317  -0.0305678
10.8497  -0.00469662
10.9952  -0.0193244
11.0323  -0.00210084
11.0874  -0
11.1369  -0.00880988
11.2204  -0.0317124
11.2554  -0.0238416
11.316  -0.0262571
11.3303  -0.00497882
11.353  -0.0375141
11.3789  -0.0317856
11.4707  -0.0640138
11.4904  -0.021774
11.5399  -0.02926
11.5591  -0.00543253
11.6187  -0.0406741
11.6384  -0.0387067
11.6459  -0.0249924
11.6766  -0.0311377
11.7562  -0.00857381
11.879  -0.0596347
11.8849  -0.0482314
11.9751  -0.0166797
12  -0.062395
12  -0.0687068
12.0392  -0.0414828
12.1833  -0.054912
12.2572  -0.0209337
12.2614  -0.0611156
12.2617  -0.0501038
12.2836  -0.0583319
12.4488  -0.0844858
12.4931  -0.0674382
12.5102  -0.0442653
12.5492  -0.0636244
12.5657  -0.0586261
12.6328  -0.0956879
12.697  -0.0843151
12.727  -0.0662549
12.7317  -0.113934
12.8497  -0.145595
12.9952  -0.103869
13.0323  -0.128151
13.0874  -0.124255
13.1369  -0.126275
13.2204  -0.13742
13.2554  -0.156295
13.316  -0.13785
13.3303  -0.179238
13.353  -0.146108
13.3789  -0.150982
13.4707  -0.204044
13.4904  -0.195966
13.5399  -0.17556
13.5591  -0.195571
13.6187  -0.189291
13.6384  -0.204593
13.6459  -0.206755
13.6766  -0.196557
13.7562  -0.265788
13.879  -0.235031
13.8849  -0.236963
13.9751  -0.27879
14  -0.260233
14  -0.29773
14.0392  -0.30075
14.1833  -0.302902
14.2572  -0.300049
14.2614  -0.352142
14.2617  -0.300623
14.2836  -0.309762
14.4488  -0.376936
14.4931  -0.379652
14.5102  -0.431587
14.5492  -0.381747
14.5657  -0.418377
14.6328  -0.414648
14.697  -0.44687
14.727  -0.446607
14.7317  -0.461296
14.8497  -0.474359
14.9952  -0.538669
15.0323  -0.527311
15.0874  -0.569501
15.1369  -0.581452
15.2204  -0.613107
15.2554  -0.606636
15.316  -0.6433
15.3303  -0.627331
15.353  -0.649586
15.3789  -0.657565
15.4707  -0.664143
15.4904  -0.667736
15.5399  -0.70851
15.5591  -0.69808
15.6187  -0.721183
15.6384  -0.716075
15.6459  -0.717963
15.6766  -0.741466
15.7562  -0.715913
15.879  -0.778759
15.8849  -0.782187
15.9751  -0.791095
16  -0.800482
16  -0.77486
16.0392  -0.802
16.1833  -0.852022
16.2572  -0.875724
16.2614  -0.846887
16.2617  -0.876817
16.2836  -0.883024
16.4488  -0.896849
16.4931  -0.91666
16.5102  -0.874239
16.5492  -0.927099
16.5657  -0.911369
16.6328  -0.939993
16.697  -0.935897
16.727  -0.961923
16.7317  -0.919812
16.8497  -0.944021
16.9952  -0.96139
17.0874  -0.95262
17.1369  -0.963213
17.2204  -0.930231
17.2554  -0.951015
17.316  -0.945257
17.3303  -0.926061
17.353  -0.94575
17.3789  -0.935689
17.4707  -0.844182
17.4904  -0.929024
17.5399  -0.91751
17.5591  -0.9018
17.6187  -0.901088
17.6384  -0.902697
17.6459  -0.899726
17.6766  -0.887424
17.7562  -0.887389
17.879  -0.831378
17.8849  -0.834612
17.9751  -0.838751
18  -0.830919
18  -0.832116
18.0392  -0.802
18.1833  -0.790025
18.2572  -0.788501
18.2614  -0.788682
18.2617  -0.801661
18.2836  -0.782452
18.4488  -0.734376
18.4931  -0.779286
18.5102  -0.745132
18.5492  -0.745315
18.5657  -0.764804
18.6328  -0.733607
18.697  -0.750404
18.727  -0.728804
18.7317  -0.739185
18.8497  -0.685707
18.9952  -0.683602
19.0323  -0.653361
19.0874  -0.683401
19.1369  -0.669551
19.2204  -0.630725
19.2554  -0.646372
19.316  -0.6433
19.3303  -0.639778
19.353  -0.639714
19.3789  -0.637699
19.4707  -0.664143
19.4904  -0.61693
19.5399  -0.60401
19.5591  -0.603011
19.6187  -0.611676
19.6384  -0.612396
19.6459  -0.604362
19.6766  -0.614969
19.7562  -0.587306
19.879  -0.603363
19.8849  -0.593455
19.9751  -0.576642
20  -0.564599
20  -0.545838
20.0392  -0.542733
20.1833  -0.568605
20.2572  -0.52683
20.2614  -0.555861
20.2617  -0.567843
20.2836  -0.561193
20.4488  -0.555656
20.4931  -0.517026
20.5102  -0.54225
20.5492  -0.540808
20.5657  -0.498322
20.6328  -0.527222
20.697  -0.497459
20.727  -0.495685
20.7317  -0.47519
20.8497  -0.521325
20.9952  -0.47828
21.0323  -0.485294
21.0874  -0.455601
21.1369  -0.456645
21.2204  -0.472163
21.2554  -0.500673
21.316  -0.452936
21.3303  -0.46552
21.353  -0.432399
21.3789  -0.439039
21.4707  -0.484105
21.4904  -0.449996
21.5399  -0.40546
21.5591  -0.440035
21.6187  -0.423949
21.6384  -0.41195
21.6459  -0.433959
21.6766  -0.410628
21.7562  -0.394395
21.879  -0.392888
21.8849  -0.404724
21.9751  -0.386016
22  -0.404807
22  -0.431326
22.0392  -0.421741
22.1833  -0.382613
22.2572  -0.387273
22.2614  -0.395796
22.2617  -0.359077
22.2836  -0.370106
22.4488  -0.425678
22.4931  -0.379652
22.5102  -0.413143
22.5492  -0.336301
22.5657  -0.378405
22.6328  -0.358361
22.697  -0.370986
22.727  -0.372991
22.7317  -0.377929
22.8497  -0.33346
22.9952  -0.357502
23.0323  -0.327731
23.0874  -0.352055
23.1369  -0.353863
23.2204  -0.401691
23.2554  -0.301994
23.316  -0.347907
23.3303  -0.316155
23.353  -0.34355
23.3789  -0.339709
23.4707  -0.344074
23.4904  -0.319352
23.5399  -0.36366
23.5591  -0.331384
23.6187  -0.322264
23.6384  -0.322095
23.6459  -0.308997
23.6766  -0.303592
23.7562  -0.265788
23.879  -0.305189
23.8849  -0.289388
23.9751  -0.27879
24  -0.275451
24  -0.29773
24.0392  -0.30075
24.1833  -0.285188
24.2572  -0.334938
24.2614  -0.250283
24.2617  -0.26722
24.2836  -0.289648
24.4488  -0.246958
24.4931  -0.254767
24.5102  -0.284036
24.5492  -0.313578
24.5657  -0.285136
24.6328  -0.27393
24.697  -0.236082
24.727  -0.238027
24.7317  -0.266773
24.8497  -0.263011
24.9952  -0.236724
25.0323  -0.243697
25.0874  -0.238155
25.1369  -0.229057
25.2204  -0.243128
25.2554  -0.209276
25.316  -0.203493
25.3303  -0.25392
25.353  -0.225085
25.3789  -0.21058
25.4707  -0.204044
25.4904  -0.210482
25.5399  -0.22781
25.5591  -0.236315
25.6187  -0.204935
25.6384  -0.197681
25.6459  -0.218115
25.6766  -0.196557
25.7562  -0.265788
25.879  -0.217491
25.8849  -0.215993
25.9751  -0.195391
26  -0.19936
26  -0.202303
26.0392  -0.231612
26.1833  -0.205477
26.2572  -0.212825
26.2614  -0.22118
26.2617  -0.192065
26.2836  -0.189076
26.4488  -0.198217
26.4931  -0.179835
26.5102  -0.191816
26.5492  -0.17724
26.5657  -0.191867
26.6328  -0.180118
26.697  -0.177062
26.727  -0.188949
26.7317  -0.211196
26.8497  -0.192562
26.9952  -0.176335
27.0323  -0.180672
27.0874  -0.176028
27.1369  -0.1483
27.2204  -0.155038
27.2554  -0.129804
27.316  -0.144414
27.3303  -0.179238
27.353  -0.146108
27.3789  -0.170848
27.4707  -0.204044
27.4904  -0.14516
27.5399  -0.13376
27.5591  -0.154827
27.6187  -0.150181
27.6384  -0.163121
27.6459  -0.138594
27.6766  -0.167365
27.7562  -0.201485
27.879  -0.164872
27.8849  -0.174052
27.9751  -0.147735
28  -0.130877
28  -0.125963
28.0392  -0.14519
28.1833  -0.152337
28.2572  -0.108157
28.2614  -0.148424
28.2617  -0.141961
28.2836  -0.148847
28.4488  -0.11698
28.4931  -0.129881
28.5102  -0.081153
28.5492  -0.17724
28.5657  -0.138571
28.6328  -0.133213
28.697  -0.143336
28.727  -0.127602
28.7317  -0.141723
28.8497  -0.192562
28.9952  -0.128024
29.0323  -0.128151
29.0874  -0.124255
29.1369  -0.126275
29.2204  -0.0845664
29.2554  -0.156295
29.316  -0.111593
29.3303  -0.129449
29.353  -0.116491
29.3789  -0.121183
29.4707  -0.0840181
29.4904  -0.137902
29.5399  -0.10241
29.5591  -0.141246
29.6187  -0.111072
29.6384  -0.114738
29.6459  -0.115874
29.6766  -0.118712
29.7562  -0.115746
29.879  -0.112254
29.8849  -0.111142
29.9751  -0.100078
30  -0.130877
30  -0.125963
30.0392  -0.14519
30.1833  -0.0991959
30.2572  -0.108157
30.2614  -0.119321
30.2617  -0.0835063
30.2836  -0.0985607
30.4488  -0.11698
30.4931  -0.0924153
30.5102  -0.118041
30.5492  -0.0636244
30.5657  -0.0985984
30.6328  -0.0956879
30.697  -0.101178
30.727  -0.103063
30.7317  -0.113934
30.8497  -0.0986291
30.9952  -0.115947
31.0323  -0.0651261
31.0874  -0.103546
31.1369  -0.0895671
31.2204  -0.102184
31.2554  -0.0768229
31.316  -0.111593
31.3303  -0.104555
31.353  -0.0967469
31.3789  -0.0814506
31.4707  -0.124027
31.4904  -0.07258
31.5399  -0.08151
31.5591  -0.114083
31.6187  -0.0954277
31.6384  -0.0940021
31.6459  -0.0931535
31.6766  -0.0895208
31.7562  -0.0728774
31.879  -0.112254
31.8849  -0.0901717
31.9751  -0.0881642
32  -0.0776133
32  -0.0877921
32.0392  -0.0760517
32.1833  -0.0726256
32.2572  -0.0732678
32.2614  -0.0756669
32.2617  -0.0835063
32.2836  -0.0784463
32.4488  -0.0519912
32.4931  -0.0674382
32.5102  -0.0995969
32.5492  -0.0409014
32.5657  -0.0586261
32.6328  -0.0956879
32.697  -0.050589
32.727  -0.0539855
32.7317  -0.0583567
32.8497  -0.0281797
32.9952  -0.0676355
33.0323  -0.0546218
33.0874  -0.0414182
33.1369  -0.0528593
33.2204  -0.0845664
33.2554  -0.0635776
33.316  -0.0656429
33.3303  -0.0921082
33.353  -0.0572583
33.3789  -0.0715176
33.4707  -0.0640138
33.4904  -0.07258
33.5399  -0.07106
33.5591  -0.0869204
33.6187  -0.0641399
33.6384  -0.0525306
33.6459  -0.0817933
33.6766  -0.0505987
33.7562  -0.0943119
33.879  -0.0771744
33.8849  -0.0692015
33.9751  -0.0881642
34  -0.062395
34  -0.0877921
34.0392  -0.0587672
34.1833  -0.054912
34.2572  -0.0732678
34.2614  -0.0756669
34.2617  -0.0584544
34.2836  -0.0583319
34.4488  -0.100733
34.4931  -0.104904
34.5102  -0.0995969
34.5492  -0.0636244
34.5657  -0.0852743
34.6328  -0.0769256
34.697  -0.0674521
34.727  -0.0907938
34.7317  -0.0861456
34.8497  -0.075146
34.9952  -0.0555577
35.0323  -0.0546218
35.0874  -0.0828365
35.1369  -0.074884
35.2204  -0.0845664
35.2554  -0.0370869
35.316  -0.0525143
35.3303  -0.04232
35.353  -0.0572583
35.3789  -0.0814506
35.4707  -0.0840181
35.4904  -0.043548
35.5399  -0.07106
35.5591  -0.0597578
35.6187  -0.048496
35.6384  -0.0594425
35.6459  -0.0477128
35.6766  -0.0603292
35.7562  -0.0728774
35.879  -0.0771744
35.8849  -0.0482314
35.9751  -0.0405079
36  -0.0471767
36  -0.0496216
36.0392  -0.0587672
36.1833  -0.054912
36.2572  -0.0558231
36.2614  -0.0320129
36.2617  -0.0501038
36.2836  -0.0583319
36.4488  -0.0194967
36.4931  -0.0549497
36.5102  -0.00737755
36.5492  -0.0863475
36.5657  -0.045302
36.6328  -0.0487821
36.697  -0.033726
36.727  -0.0417161
36.7317  -0.0583567
36.8497  -0.0986291
36.9952  -0.0555577
37.0323  -0.0861345
37.0874  -0.0414182
37.1369  -0.0455177
37.2204  -0.0140944
37.2554  -0.0503323
37.316  -0.04595
37.3303  -0.0672141
37.353  -0.0177698
37.3789  -0.0417186
37.4707  -0.0640138
37.4904  -0.043548
37.5399  -0.03971
37.5591  -0.0597578
37.6187  -0.0328521
37.6384  -0.0594425
37.6459  -0.0477128
37.6766  -0.0505987
37.7562  -0.0943119
37.879  -0.0596347
37.8849  -0.0377463
37.9751  -0.0405079
38  -0.0547859
38  -0.0687068
38.0392  -0.0760517
38.1833  -0.0371985
38.2572  -0.0558231
38.2614  -0.0756669
38.2617  -0.0417532
38.2836  -0.0382174
38.4488  -0.035744
38.4931  -0.0424611
38.5102  -0.0258214
38.5492  -0.0409014
38.5657  -0.0319779
38.6328  -0.0394009
38.697  -0.033726
38.727  -0.0417161
38.7317  -0.0444622
38.8497  -0.00469662
38.9952  -0.0555577
39.0323  -0.0231092
39.0874  -0.0414182
39.1369  -0.0308346
39.2204  -0.0140944
39.2554  -0.0370869
39.316  -0.04595
39.3303  -0.0298729
39.353  -0.0375141
39.3789  -0.0317856
39.4707  -0.0240052
39.4904  -0.043548
39.5399  -0.03971
39.5591  -0.0325952
39.6187  -0.0328521
39.6384  -0.0456187
39.6459  -0.0249924
39.6766  -0.0408682
39.7562  -0.00857381
39.879  -0.0596347
39.8849  -0.0587164
39.9751  -0.0166797
40  -0.0319584
40  -0.0305364
40.0392  -0.00691379
40.1833  -0.0283417
40.2572  -0.00348894
40.2614  -0.0174616
40.2617  -0.0334025
40.2836  -0.0382174
40.4488  -0.035744
40.4931  -0.0424611
40.5102  -0.0627092
40.5492  0.0045446
40.5657  -0.045302
40.6328  -0.0487821
40.697  -0.0421575
40.727  -0.0417161
40.7317  -0.0444622
40.8497  -0.0516628
40.9952  -0.04348
41.0323  -0.012605
41.0874  -0.0310637
41.1369  -0.0161514
41.2204  -0.0140944
41.2554  -0.0370869
41.316  -0.0262571
41.3303  -0.0298729
41.353  -0.0375141
41.3789  -0.0417186
41.4707  -0.0240052
41.4904  -0.029032
41.5399  -0.00836
41.5591  -0.0461765
41.6187  -0.0328521
41.6384  -0.0248829
41.6459  -0.0477128
41.6766  -0.0116766
41.7562  -0.00857381
41.879  -0.0245555
41.8849  -0.0272612
41.9751  -0.0285938
42  -0.0243493
42  -0.0305364
42.0392  -0.0241983
42.1833  -0.0194849
42.2572  -0.0383784
42.2614  -0.00291027
42.2617  -0.0334025
42.2836  -0.018103
42.4488  -0.035744
42.4931  -0.0299725
42.5102  -0.0627092
42.5492  0.0499906
42.5657  -0.0319779
42.6328  -0.0206386
42.697  -0.0252945
42.727  -0.0171772
42.7317  -0.0444622
42.8497  0.0187865
42.9952  -0.04348
43.0323  -0.0231092
43.0874  -0.0103546
43.1369  -0.023493
43.2204  -0.0140944
43.2554  -0.0370869
43.316  -0.0262571
43.3303  -0.04232
43.353  -0.0177698
43.3789  -0.0218526
43.4707  -0.0840181
43.4904  -0.029032
43.5399  -0.03971
43.5591  -0.0325952
43.6187  -0.0328521
43.6384  -0.0317948
43.6459  -0.0249924
43.6766  -0.0408682
43.7562  -0.0728774
43.879  -0.0420951
43.8849  -0.0587164
43.9751  -0.0166797
44  -0.0243493
44  -0.0877921
44.0392  -0.0414828
44.1833  -0.0371985
44.2572  -0.0383784
44.2614  -0.0611156
44.2617  -0.0334025
44.2836  -0.0482747
44.4488  -0.0682385
44.4931  -0.0549497
44.5102  0.0110663
44.5492  -0.10907
44.5657  -0.0319779
44.6328  -0.0300197
44.697  -0.016863
44.727  -0.0417161
44.7317  -0.0166733
44.8497  -0.0516628
44.9952  -0.0193244
45.0323  -0.0336134
45.0874  -0.0103546
45.1369  -0.0308346
45.2204  -0.0493304
45.2554  -0.0105963
45.316  -0.0131286
45.3303  -0.0174259
45.353  -0.0177698
45.3789  -0.0218526
45.4707  -0.00400086
45.4904  -0.021774
45.5399  -0.02926
45.5591  -0.0325952
45.6187  -0.0172083
45.6384  -0.0248829
45.6459  -0.0136322
45.6766  -0.0214071
45.7562  -0.0728774
45.879  0.0105238
45.8849  0.00419403
45.9751  -0.00476563
46  -0.0243493
46  -0.0114511
46.0392  -0.0414828
46.1833  -0.0283417
46.2572  -0.0383784
46.2614  -0.0174616
46.2617  -0
46.2836  -0.00804578
46.4488  -0.0194967
46.4931  -0.0299725
46.5102  -0.0258214
46.5492  -0.0181784
46.5657  -0.0319779
46.6328  -0.0112574
46.697  -0.033726
46.727  -0.0417161
46.7317  -0.00277889
46.8497  -0.0516628
46.9952  -0.04348
47.0323  -0.0441176
47.0874  -0.0517728
47.1369  -0.0381761
47.2204  -0.0317124
47.2554  0.00264907
47.316  -0.0262571
47.3303  -0.00497882
47.353  -0.0177698
47.3789  -0.0417186
47.4707  -0.0240052
47.4904  -0.014516
47.5399  -0.02926
47.5591  -0.00543253
47.6187  -0.0250302
47.6384  -0.017971
47.6459  -0.0136322
47.6766  -0.0311377
47.7562  -0.00857381
47.879  -0.0596347
47.8849  -0.0272612
47.9751  -0.0166797
48  -0.0243493
48  -0.0114511
48.0392  -0.00691379
48.1833  -0.0283417
48.2572  -0.0383784
48.2614  -0.0174616
48.2617  -0.0250519
48.2836  -0.00804578
48.4488  0.0292451
48.4931  0.00749313
48.5102  -0.0258214
48.5492  -0.0181784
48.5657  -0.00532964
48.6328  -0.0112574
48.697  -0.0252945
48.727  -0.00490777
48.7317  -0.0166733
48.8497  -0.00469662
48.9952  -0.0193244
49.0323  -0.0336134
49.0874  -0
49.1369  -0.00146831
49.2204  0.0387596
49.2554  -0.0503323
49.316  -0.0196929
49.3303  -0.054767
49.353  -0.0177698
49.3789  -0.0119196
49.4707  -0.00400086
49.4904  -0.021774
49.5399  0.00209
49.5591  -0.0325952
49.6187  -0.0172083
49.6384  -0.017971
49.6459  -0.0363526
49.6766  -0.0019461
49.7562  -0.0300083
49.879  -0.0245555
49.8849  -0.0272612
49.9751  -0.0166797
50  -0.0167401
50  -0.0305364
50.0392  -0.00691379
50.1833  -0.0106281
50.2572  -0.00348894
50.2614  -0.0174616
50.2617  -0.0250519
50.2836  -0.00804578
50.4488  -0.0519912
50.4931  -0.0549497
50.5102  -0.0442653
50.5492  0.0045446
50.5657  -0.0586261
50.6328  -0.0112574
50.697  -0.0252945
50.727  -0.0417161
50.7317  -0.0583567
50.8497  0.0187865
50.9952  -0.0193244
51.0323  0.00840336
51.0874  -0.0103546
51.1369  -0.0161514
51.2204  -0.0140944
51.2554  -0.0105963
51.316  -0.0262571
51.3303  -0.0174259
51.353  -0.0375141
51.3789  -0.0119196
51.4707  -0.00400086
51.4904  -0.021774
51.5399  -0.01881
51.5591  -0.00543253
51.6187  -0.0406741
51.6384  -0.0317948
51.6459  -0.0136322
51.6766  -0.0214071
51.7562  -0.00857381
51.879  -0.0245555
51.8849  -0.0272612
51.9751  -0.00476563
52  -0.0167401
52  -0.0305364
52.0392  -0.00691379
52.1833  -0.0106281
52.2572  -0.00348894
52.2614  -0.0174616
52.2617  -0.0167013
52.2836  -0.0382174
52.4488  -0.035744
52.4931  -0.00499542
52.5102  -0.0258214
52.5492  0.0045446
52.5657  -0.00532964
52.6328  -0.0300197
52.697  -0.016863
52.727  -0.00490777
52.7317  0.0111156
52.8497  -0.0281797
52.9952  -0.0193244
53.0323  -0.00210084
53.0874  -0.0103546
53.1369  -0.0161514
53.2204  -0.0140944
53.2554  0.00264907
53.316  -0.0131286
53.3303  -0.0174259
53.353  -0.0078977
53.3789  -0.0119196
53.4707  -0.00400086
53.4904  -0.021774
53.5399  -0.00836
53.5591  -0.0325952
53.6187  0.00625755
53.6384  -0.00414715
53.6459  -0.00227204
53.6766  -0.0214071
53.7562  -0.00857381
53.879  0.0105238
53.8849  0.00419403
53.9751  0.00714845
54  -0.0167401
54  -0.0496216
54.0392  -0.0414828
54.1833  -0.0106281
54.2572  -0.0558231
54.2614  -0.0174616
54.2617  -0
54.2836  -0.00804578
54.4488  -0.0519912
54.4931  -0.0549497
54.5102  -0.0258214
54.5492  0.0045446
54.5657  -0.0186538
54.6328  -0.0112574
54.697  -0
54.727  -0.0171772
54.7317  -0.00277889
54.8497  -0.0281797
54.9952  -0.0193244
55.0323  -0.00210084
55.0874  -0.0207091
55.1369  -0.023493
55.2204  -0.0317124
55.2554  0.00264907
55.316  -0.0131286
55.3303  0.00746823
55.353  -0.0177698
55.3789  -0.0317856
55.4707  -0.0440095
55.4904  -0
55.5399  -0.01881
55.5591  -0.00543253
55.6187  -0.00156439
55.6384  -0.017971
55.6459  -0.0136322
55.6766  -0.0311377
55.7562  -0.0300083
55.879  -0.0420951
55.8849  -0.0272612
55.9751  0.00714845
56  -0.00152183
56  0.00763409
56.0392  -0.0241983
56.1833  -0.0371985
56.2572  -0.0558231
56.2614  -0.00291027
56.2617  -0.0167013
56.2836  -0.00804578
56.4488  0.0129978
56.4931  -0.00499542
56.5102  0.0110663
56.5492  -0.0409014
56.5657  -0.00532964
56.6328  -0.0300197
56.697  -0
56.727  -0.00490777
56.7317  -0.00277889
56.8497  -0.0516628
56.9952  -0.00724666
57.0323  -0.0336134
57.0874  -0.0103546
57.1369  -0.00880988
57.2204  0.0035236
57.2554  -0.0105963
57.316  -0
57.3303  -0.0174259
57.353  0.0118466
57.3789  -0.0019866
57.4707  -0.00400086
57.4904  -0.007258
57.5399  0.00209
57.5591  -0.00543253
57.6187  -0.00156439
57.6384  -0.00414715
57.6459  -0.0136322
57.6766  0.00778442
57.7562  -0.0300083
57.879  -0.0245555
57.8849  -0.0167761
57.9751  -0.0285938
58  -0.0243493
58  -0.0114511
58.0392  -0.0241983
58.1833  -0.0194849
58.2572  -0.00348894
58.2614  -0.0174616
58.2617  -0.0167013
58.2836  0.0120687
58.4488  0.0129978
58.4931  -0.00499542
58.5102  -0.0258214
58.5492  0.0045446
58.5657  -0.0186538
58.6328  -0.00187623
58.697  -0.050589
58.727  -0.00490777
58.7317  -0.0166733
58.8497  0.0187865
58.9952  -0.0314022
59.0323  -0.0231092
59.0874  -0.0103546
59.1369  -0.0161514
59.2204  0.0035236
59.2554  -0.0105963
59.316  -0.0196929
59.3303  -0.0174259
59.353  -0.0078977
59.3789  -0.0317856
59.4707  -0.0440095
59.4904  -0.014516
59.5399  0.00209
59.5591  -0.00543253
59.6187  -0.0250302
59.6384  -0.0317948
59.6459  -0.0136322
59.6766  -0.0019461
59.7562  -0.00857381
59.879  -0.0245555
59.8849  -0.0167761
59.9751  0.0190625
