-9999 -9999
14000 1
10.362  0.0124797
10.3693  -0
10.3988  0.034878
10.4374  0.0256338
10.5131  0.0252669
10.9634  0.0401371
10.9682  0.0176099
11.0336  0.0231743
11.0945  0.0488169
11.1831  -0.00812494
11.1838  -0.00812438
11.2214  -0.00614854
11.3492  0.0199373
11.3716  0.00842225
11.6271  -0
11.6702  -0.0156481
11.704  -0.00592587
11.8446  0.0136986
11.9532  -0.0270993
11.984  -0.012288
12.362  -0.0374392
12.3693  -0.035889
12.3988  -0.0435975
12.4374  -0.0341784
12.5131  -0.0379004
12.9634  -0.0602057
12.9682  -0.0528297
13.0336  -0.0579357
13.0945  -0.0854296
13.1831  -0.0731244
13.1838  -0.0731194
13.2214  -0.0737825
13.3492  -0.0697807
13.3716  -0.067378
13.6271  -0.0903836
13.6702  -0.133009
13.704  -0.136295
13.8446  -0.136986
13.9532  -0.153562
13.984  -0.135168
14.362  -0.174716
14.3693  -0.179445
14.3988  -0.209268
14.4374  -0.213615
14.5131  -0.202136
14.9634  -0.290994
14.9682  -0.290563
15.0336  -0.278091
15.0945  -0.31731
15.1831  -0.324997
15.1838  -0.324975
15.2214  -0.332021
15.3492  -0.358872
15.3716  -0.353734
15.6271  -0.406726
15.6702  -0.399028
15.704  -0.408885
15.8446  -0.452055
15.9532  -0.460687
15.984  -0.479232
16.362  -0.549109
16.3693  -0.562261
16.3988  -0.540609
16.4374  -0.555399
16.5131  -0.568506
16.9634  -0.642194
16.9682  -0.642761
17.0336  -0.660467
17.0945  -0.671233
17.1831  -0.690619
17.1838  -0.690572
17.2214  -0.700933
17.3492  -0.717744
17.3716  -0.724313
17.6271  -0.777299
17.6702  -0.774583
17.704  -0.782215
17.8446  -0.794521
17.9532  -0.822011
17.984  -0.823297
18.362  -0.886062
18.3693  -0.873299
18.3988  -0.880669
18.4374  -0.880094
18.5131  -0.90961
18.9634  -0.953257
18.9682  -0.950934
19.0336  -0.984906
19.0945  -0.95193
19.1831  -0.958742
19.1838  -0.958676
19.2214  -0.953023
19.3492  -0.976929
19.3716  -0.985403
19.6271  -0.985181
19.6702  -0.993657
19.704  -0.983695
19.8446  -1
19.9532  -0.984606
19.984  -0.995329
20.362  -0.9859
20.3693  -0.980966
20.3988  -0.994022
20.4374  -0.991173
20.5131  -0.985411
20.9634  -0.98336
20.9682  -0.994959
21.0336  -0.961732
21.0945  -0.95193
21.1831  -0.958742
21.1838  -0.958676
21.2214  -0.96532
21.3492  -0.956992
21.3716  -0.960136
21.6271  -0.930951
21.6702  -0.915417
21.704  -0.930362
21.8446  -0.890411
21.9532  -0.894276
21.984  -0.897025
22.362  -0.848623
22.3693  -0.849373
22.3988  -0.85451
22.4374  -0.85446
22.5131  -0.833809
22.9634  -0.782674
22.9682  -0.792445
23.0336  -0.764751
23.0945  -0.768867
23.1831  -0.771869
23.1838  -0.771816
23.2214  -0.787013
23.3492  -0.74765
23.3716  -0.741158
23.6271  -0.723069
23.6702  -0.719815
23.704  -0.740734
23.8446  -0.684932
23.9532  -0.704581
23.984  -0.675841
24.362  -0.661426
24.3693  -0.646002
24.3988  -0.653962
24.4374  -0.64939
24.5131  -0.631674
24.9634  -0.602057
24.9682  -0.581127
25.0336  -0.590944
25.0945  -0.610212
25.1831  -0.59312
25.1838  -0.59308
25.2214  -0.584111
25.3492  -0.578183
25.3716  -0.572713
25.6271  -0.55134
25.6702  -0.571157
25.704  -0.557032
25.8446  -0.561644
25.9532  -0.541985
25.984  -0.528384
26.362  -0.511669
26.3693  -0.526372
26.3988  -0.505731
26.4374  -0.512676
26.5131  -0.505339
26.9634  -0.471612
26.9682  -0.484272
27.0336  -0.475073
27.0945  -0.475965
27.1831  -0.471246
27.1838  -0.471214
27.2214  -0.448843
27.3492  -0.44859
27.3716  -0.446379
27.6271  -0.433841
27.6702  -0.430324
27.704  -0.408885
27.8446  -0.438356
27.9532  -0.406489
27.984  -0.43008
28.362  -0.386872
28.3693  -0.418705
28.3988  -0.392377
28.4374  -0.384507
28.5131  -0.391638
28.9634  -0.361234
28.9682  -0.352198
29.0336  -0.347614
29.0945  -0.353923
29.1831  -0.341247
29.1838  -0.341224
29.2214  -0.33817
29.3492  -0.318997
29.3716  -0.328468
29.6271  -0.325381
29.6702  -0.312963
29.704  -0.302219
29.8446  -0.315068
29.9532  -0.316158
29.984  -0.319488
30.362  -0.299514
30.3693  -0.287112
30.3988  -0.296463
30.4374  -0.290516
30.5131  -0.29057
30.9634  -0.260891
30.9682  -0.255343
31.0336  -0.266504
31.0945  -0.268493
31.1831  -0.251873
31.1838  -0.251856
31.2214  -0.245942
31.3492  -0.249217
31.3716  -0.244245
31.6271  -0.234997
31.6702  -0.242546
31.704  -0.231109
31.8446  -0.246575
31.9532  -0.23486
31.984  -0.233472
32.362  -0.237115
32.3693  -0.227297
32.3988  -0.226707
32.4374  -0.22216
32.5131  -0.227403
32.9634  -0.220754
32.9682  -0.193709
33.0336  -0.220156
33.0945  -0.219676
33.1831  -0.194998
33.1838  -0.194985
33.2214  -0.190605
33.3492  -0.209342
33.3716  -0.185289
33.6271  -0.198844
33.6702  -0.187778
33.704  -0.177776
33.8446  -0.205479
33.9532  -0.180662
33.984  -0.18432
34.362  -0.174716
34.3693  -0.179445
34.3988  -0.16567
34.4374  -0.162347
34.5131  -0.189502
34.9634  -0.150514
34.9682  -0.158489
35.0336  -0.173807
35.0945  -0.146451
35.1831  -0.154374
35.1838  -0.154363
35.2214  -0.153713
35.3492  -0.14953
35.3716  -0.1516
35.6271  -0.144614
35.6702  -0.148657
35.704  -0.136295
35.8446  -0.164384
35.9532  -0.153562
35.984  -0.147456
36.362  -0.149757
36.3693  -0.155519
36.3988  -0.139512
36.4374  -0.145258
36.5131  -0.138968
36.9634  -0.120411
36.9682  -0.132074
37.0336  -0.127458
37.0945  -0.146451
37.1831  -0.138124
37.1838  -0.138114
37.2214  -0.122971
37.3492  -0.129593
37.3716  -0.126334
37.6271  -0.117499
37.6702  -0.133009
37.704  -0.112592
37.8446  -0.123288
37.9532  -0.135496
37.984  -0.135168
38.362  -0.124797
38.3693  -0.11963
38.3988  -0.122073
38.4374  -0.128169
38.5131  -0.138968
38.9634  -0.120411
38.9682  -0.105659
39.0336  -0.127458
39.0945  -0.122042
39.1831  -0.105624
39.1838  -0.105617
39.2214  -0.0922281
39.3492  -0.119624
39.3716  -0.109489
39.6271  -0.117499
39.6702  -0.101713
39.704  -0.10074
39.8446  -0.0958904
39.9532  -0.108397
39.984  -0.0983041
40.362  -0.0873582
40.3693  -0.095704
40.3988  -0.104634
40.4374  -0.0939906
40.5131  -0.0884343
40.9634  -0.100343
40.9682  -0.0792445
41.0336  -0.0811099
41.0945  -0.0854296
41.1831  -0.0893743
41.1838  -0.0893681
41.2214  -0.079931
41.3492  -0.0797493
41.3716  -0.0842225
41.6271  -0.0903836
41.6702  -0.0704167
41.704  -0.0770363
41.8446  -0.0684932
41.9532  -0.0722647
41.984  -0.0614401
42.362  -0.0623987
42.3693  -0.071778
42.3988  -0.069756
42.4374  -0.0598122
42.5131  -0.0631674
42.9634  -0.0501714
42.9682  -0.0616346
43.0336  -0.0695228
43.0945  -0.0610212
43.1831  -0.0649995
43.1838  -0.064995
43.2214  -0.0553368
43.3492  -0.0498433
43.3716  -0.0589557
43.6271  -0.0451918
43.6702  -0.0625926
43.704  -0.047407
43.8446  -0.0684932
43.9532  -0.0451654
43.984  -0.049152
44.362  -0.049919
44.3693  -0.047852
44.3988  -0.0435975
44.4374  -0.042723
44.5131  -0.0505339
44.9634  -0.0301029
44.9682  -0.0352198
45.0336  -0.0347614
45.0945  -0.0366127
45.1831  -0.0243748
45.1838  -0.0243731
45.2214  -0.0245942
45.3492  -0.029906
45.3716  -0.0252667
45.6271  -0.0180767
45.6702  -0.00782407
45.704  -0.0118517
45.8446  -0.0136986
45.9532  -0.00903309
45.984  -0.012288
46.362  -0
46.3693  -0
46.3988  0.00871949
46.4374  0.0085446
46.5131  0.0126335
46.9634  0.0100343
46.9682  0.0264148
47.0336  0.0231743
47.0945  0.0244085
47.1831  0.0324997
47.1838  0.0324975
47.2214  0.0368912
47.3492  0.029906
47.3716  0.033689
47.6271  0.0451918
47.6702  0.0547685
47.704  0.047407
47.8446  0.0547945
47.9532  0.0541985
47.984  0.0737281
48.362  0.0623987
48.3693  0.071778
48.3988  0.069756
48.4374  0.0683568
48.5131  0.0758008
48.9634  0.0802743
48.9682  0.0704396
49.0336  0.0811099
49.0945  0.0732254
49.1831  0.0649995
49.1838  0.064995
49.2214  0.0491883
49.3492  0.0797493
49.3716  0.067378
49.6271  0.0723069
49.6702  0.0625926
49.704  0.047407
49.8446  0.0958904
49.9532  0.0722647
49.984  0.0983041
50.362  0.0998379
50.3693  0.095704
50.3988  0.069756
50.4374  0.0683568
50.5131  0.0884343
50.9634  0.0802743
50.9682  0.0704396
51.0336  0.0811099
51.0945  0.0854296
51.1831  0.0649995
51.1838  0.064995
51.2214  0.0491883
51.3492  0.0797493
51.3716  0.067378
51.6271  0.0723069
51.6702  0.0625926
51.704  0.047407
51.8446  0.0547945
51.9532  0.0632316
51.984  0.0737281
52.362  0.049919
52.3693  0.047852
52.3988  0.052317
52.4374  0.0512676
52.5131  0.0505339
52.9634  0.0301029
52.9682  0.0264148
53.0336  0.0347614
53.0945  0.0244085
53.1831  0.0243748
53.1838  0.0243731
53.2214  0.0122971
53.3492  0.0199373
53.3716  0.0168445
53.6271  0.00903836
53.6702  0.00782407
53.704  0.00592587
53.8446  0.0136986
53.9532  -0.00903309
53.984  -0
54.362  -0.0124797
54.3693  -0
54.3988  -0.00871949
54.4374  -0.0085446
54.5131  -0.0252669
54.9634  -0.0200686
54.9682  -0.0176099
55.0336  -0.0347614
55.0945  -0.0244085
55.1831  -0.0243748
55.1838  -0.0243731
55.2214  -0.0245942
55.3492  -0.029906
55.3716  -0.033689
55.6271  -0.0271151
55.6702  -0.0312963
55.704  -0.0296294
55.8446  -0.0273973
55.9532  -0.0270993
55.984  -0.024576
56.362  -0.0249595
56.3693  -0.035889
56.3988  -0.034878
56.4374  -0.0341784
56.5131  -0.0252669
56.9634  -0.0401371
56.9682  -0.0264148
57.0336  -0.0347614
57.0945  -0.0244085
57.1831  -0.0243748
57.1838  -0.0243731
57.2214  -0.0245942
57.3492  -0.029906
57.3716  -0.0252667
57.6271  -0.0271151
57.6702  -0.0234722
57.704  -0.0296294
57.8446  -0.0273973
57.9532  -0.0180662
57.984  -0.024576
58.362  -0.0124797
58.3693  -0.023926
58.3988  -0.00871949
58.4374  -0.0085446
58.5131  -0.0126335
58.9634  -0.0100343
58.9682  -0.0176099
59.0336  -0.0231743
59.0945  -0.0122042
59.1831  -0.0243748
59.1838  -0.0243731
59.2214  -0.0184456
59.3492  -0.00996867
59.3716  -0.0168445
59.6271  -0.0180767
59.6702  -0.0234722
59.704  -0.0177776
59.8446  -0.0136986
59.9532  -0.0180662
59.984  -0.012288
60.362  -0.0124797
60.3693  -0.023926
60.3988  -0.00871949
60.4374  -0.0085446
60.5131  -0.0126335
60.9634  -0.0100343
60.9682  -0.0264148
61.0336  -0.0231743
61.0945  -0.0244085
61.1831  -0.0162499
61.1838  -0.0162488
61.2214  -0.0245942
61.3492  -0.0199373
61.3716  -0.0252667
61.6271  -0.0271151
61.6702  -0.0234722
61.704  -0.0237035
61.8446  -0.0136986
61.9532  -0.0270993
61.984  -0.024576
62.362  -0.0124797
62.3693  -0.023926
62.3988  -0.0261585
62.4374  -0.0341784
62.5131  -0.0252669
62.9634  -0.0301029
62.9682  -0.0264148
63.0336  -0.0231743
63.0945  -0.0244085
63.1831  -0.0243748
63.1838  -0.0243731
63.2214  -0.0184456
63.3492  -0.029906
63.3716  -0.0252667
63.6271  -0.0271151
63.6702  -0.0156481
63.704  -0.0237035
63.8446  -0.0136986
63.9532  -0.0180662
63.984  -0.012288
64.362  -0.0124797
64.3693  -0.011963
64.3988  -0.017439
64.4374  -0.0170892
64.5131  -0.0126335
64.9634  -0.0100343
64.9682  -0.00880495
65.0336  -0.0115871
65.0945  -0.0122042
65.1831  -0.0243748
65.1838  -0.0243731
65.2214  -0.0122971
65.3492  -0.00996867
65.3716  -0.0168445
65.6271  -0.00903836
65.6702  -0.0156481
65.704  -0.0118517
65.8446  -0.0136986
65.9532  -0.0180662
65.984  -0.012288
66.362  -0.0124797
66.3693  -0.011963
66.3988  -0.00871949
66.4374  -0.0085446
66.5131  -0.0126335
66.9634  -0.0100343
66.9682  -0.0176099
67.0336  -0.0115871
67.0945  -0.0122042
67.1831  -0.0162499
67.1838  -0.0162488
67.2214  -0.0184456
67.3492  -0.00996867
67.3716  -0.0168445
67.6271  -0.00903836
67.6702  -0.0156481
67.704  -0.0118517
67.8446  -0.0136986
67.9532  -0.00903309
67.984  -0.012288
68.362  -0.0124797
68.3693  -0.011963
68.3988  -0.00871949
68.4374  -0.0085446
68.5131  -0.0126335
68.9634  -0.0100343
68.9682  -0.00880495
69.0336  -0.0115871
69.0945  -0
69.1831  -0.00812494
69.1838  -0.00812438
69.2214  -0.0184456
69.3492  -0.00996867
69.3716  -0.00842225
69.6271  -0.00903836
69.6702  -0.00782407
69.704  -0.0118517
69.8446  -0
69.9532  -0.00903309
69.984  -0.012288
70.362  -0.0124797
70.3693  -0.011963
70.3988  -0.00871949
70.4374  -0.0085446
70.5131  -0.0126335
70.9634  -0.0100343
70.9682  -0.00880495
71.0336  -0.0115871
71.0945  -0.0122042
71.1831  -0.00812494
71.1838  -0.00812438
71.2214  -0.0122971
71.3492  -0.00996867
71.3716  -0.00842225
71.6271  -0.00903836
71.6702  -0.00782407
71.704  -0.0118517
71.8446  -0.0136986
71.9532  -0.00903309
71.984  -0.012288
72.362  -0.0124797
72.3693  -0.011963
72.3988  -0.00871949
72.4374  -0.0085446
72.5131  -0.0126335
72.9634  -0.0200686
72.9682  -0.00880495
73.0336  -0.0115871
73.0945  -0.0244085
73.1831  -0.00812494
73.1838  -0.00812438
73.2214  -0.0122971
73.3492  -0.00996867
73.3716  -0.00842225
73.6271  -0.00903836
73.6702  -0.00782407
73.704  -0.0118517
73.8446  -0.0136986
73.9532  -0.00903309
73.984  -0.012288
74.362  -0.0124797
74.3693  -0.011963
74.3988  -0.00871949
74.4374  -0.0085446
74.5131  -0.0126335
74.9634  -0
74.9682  -0.00880495
75.0336  -0.0115871
75.0945  -0.0122042
75.1831  -0.00812494
75.1838  -0.00812438
75.2214  -0.0122971
75.3492  -0.00996867
75.3716  -0.00842225
75.6271  -0.00903836
75.6702  -0.00782407
75.704  -0.0118517
75.8446  -0.0136986
75.9532  -0.00903309
75.984  -0.012288
76.362  -0.0124797
76.3693  -0.011963
76.3988  -0.00871949
76.4374  -0.0085446
76.5131  -0.0126335
76.9634  -0.0100343
76.9682  -0.00880495
77.0336  -0.0115871
77.0945  -0.0122042
77.1831  -0.0162499
77.1838  -0.0162488
77.2214  -0.0184456
77.3492  -0.00996867
77.3716  -0.0168445
77.6271  -0.00903836
77.6702  -0.0234722
77.704  -0.0177776
77.8446  -0.0136986
77.9532  -0.0270993
77.984  -0.024576
78.362  -0.0249595
78.3693  -0.023926
78.3988  -0.0261585
78.4374  -0.0341784
78.5131  -0.0379004
78.9634  -0.0501714
78.9682  -0.0264148
79.0336  -0.0347614
79.0945  -0.0366127
79.1831  -0.0406247
79.1838  -0.0406219
79.2214  -0.0368912
79.3492  -0.0398747
79.3716  -0.0421112
79.6271  -0.0451918
79.6702  -0.0391204
79.704  -0.047407
79.8446  -0.0410959
79.9532  -0.0451654
79.984  -0.049152
80.362  -0.049919
80.3693  -0.047852
80.3988  -0.052317
80.4374  -0.0512676
80.5131  -0.0505339
80.9634  -0.0501714
80.9682  -0.0616346
81.0336  -0.0579357
81.0945  -0.0488169
81.1831  -0.0568745
81.1838  -0.0568706
81.2214  -0.0491883
81.3492  -0.0498433
81.3716  -0.0505335
81.6271  -0.0542302
81.6702  -0.0469444
81.704  -0.0533328
81.8446  -0.0547945
81.9532  -0.0451654
81.984  -0.049152
82.362  -0.049919
82.3693  -0.047852
82.3988  -0.052317
82.4374  -0.042723
82.5131  -0.0505339
82.9634  -0.0401371
82.9682  -0.0440247
83.0336  -0.0463485
83.0945  -0.0366127
83.1831  -0.0406247
83.1838  -0.0406219
83.2214  -0.0430398
83.3492  -0.0398747
83.3716  -0.0421112
83.6271  -0.0271151
83.6702  -0.0391204
83.704  -0.0237035
83.8446  -0.0410959
83.9532  -0.0270993
83.984  -0.024576
84.362  -0.0124797
84.3693  -0.023926
84.3988  -0.017439
84.4374  -0.0085446
84.5131  -0.0126335
84.9634  -0.0100343
84.9682  -0
85.0336  -0
85.0945  -0
85.1831  0.00812494
85.1838  0.00812438
85.2214  -0.00614854
85.3492  -0
85.3716  0.0168445
85.6271  0.00903836
85.6702  0.0234722
85.704  0.0118517
85.8446  0.0273973
85.9532  0.0180662
85.984  0.024576
86.362  0.0249595
86.3693  0.023926
86.3988  0.0261585
86.4374  0.0256338
86.5131  0.0252669
86.9634  0.0401371
86.9682  0.0352198
87.0336  0.0347614
87.0945  0.0244085
87.1831  0.0406247
87.1838  0.0406219
87.2214  0.0491883
87.3492  0.0398747
87.3716  0.0505335
87.6271  0.0542302
87.6702  0.0469444
87.704  0.047407
87.8446  0.0547945
87.9532  0.0541985
87.984  0.049152
88.362  0.049919
88.3693  0.059815
88.3988  0.0610365
88.4374  0.0598122
88.5131  0.0505339
88.9634  0.0602057
88.9682  0.0704396
89.0336  0.0695228
89.0945  0.0610212
89.1831  0.0649995
89.1838  0.064995
89.2214  0.0491883
89.3492  0.059812
89.3716  0.0589557
89.6271  0.0632685
89.6702  0.0625926
89.704  0.047407
89.8446  0.0547945
89.9532  0.0722647
89.984  0.0737281
90.362  0.0748785
90.3693  0.071778
90.3988  0.069756
90.4374  0.0683568
90.5131  0.0758008
90.9634  0.07024
90.9682  0.0704396
91.0336  0.0695228
91.0945  0.0732254
91.1831  0.0649995
91.1838  0.064995
91.2214  0.0491883
91.3492  0.0797493
91.3716  0.067378
91.6271  0.0723069
91.6702  0.0625926
91.704  0.047407
91.8446  0.0684932
91.9532  0.0722647
91.984  0.0737281
92.362  0.0748785
92.3693  0.071778
92.3988  0.069756
92.4374  0.0683568
92.5131  0.0758008
92.9634  0.0802743
92.9682  0.0704396
93.0336  0.0811099
93.0945  0.0732254
93.1831  0.0649995
93.1838  0.064995
93.2214  0.0491883
93.3492  0.0797493
93.3716  0.067378
93.6271  0.0723069
93.6702  0.0625926
93.704  0.047407
93.8446  0.0684932
93.9532  0.0722647
93.984  0.0737281
94.362  0.0748785
94.3693  0.071778
94.3988  0.069756
94.4374  0.0598122
94.5131  0.0631674
94.9634  0.0602057
94.9682  0.0704396
95.0336  0.0695228
95.0945  0.0732254
95.1831  0.0649995
95.1838  0.064995
95.2214  0.0491883
95.3492  0.059812
95.3716  0.0589557
95.6271  0.0632685
95.6702  0.0547685
95.704  0.047407
95.8446  0.0547945
95.9532  0.0632316
95.984  0.0614401
96.362  0.049919
96.3693  0.059815
96.3988  0.0610365
96.4374  0.0512676
96.5131  0.0631674
96.9634  0.0401371
96.9682  0.0528297
97.0336  0.0463485
97.0945  0.0488169
97.1831  0.0568745
97.1838  0.0568706
97.2214  0.0491883
97.3492  0.0498433
97.3716  0.0505335
97.6271  0.0451918
97.6702  0.0547685
97.704  0.047407
97.8446  0.0547945
97.9532  0.0541985
97.984  0.0614401
98.362  0.049919
98.3693  0.047852
98.3988  0.0610365
98.4374  0.0512676
98.5131  0.0505339
98.9634  0.0501714
98.9682  0.0440247
99.0336  0.0463485
99.0945  0.0488169
99.1831  0.0487496
99.1838  0.0487463
99.2214  0.0430398
99.3492  0.0498433
99.3716  0.033689
99.6271  0.0451918
99.6702  0.0391204
99.704  0.047407
99.8446  0.0410959
99.9532  0.0451654
99.984  0.049152
100.362  0.049919
100.369  0.035889
100.399  0.034878
100.437  0.0341784
100.513  0.0379004
100.963  0.0401371
100.968  0.0352198
101.034  0.0463485
101.095  0.0366127
101.183  0.0406247
101.184  0.0406219
101.221  0.0368912
101.349  0.0398747
101.372  0.033689
101.627  0.0271151
101.67  0.0391204
101.704  0.0296294
101.845  0.0410959
101.953  0.0361323
101.984  0.024576
102.362  0.0374392
102.369  0.035889
102.399  0.034878
102.437  0.0341784
102.513  0.0379004
102.963  0.0301029
102.968  0.0352198
103.034  0.0347614
103.095  0.0366127
103.183  0.0324997
103.184  0.0324975
103.221  0.0307427
103.349  0.029906
103.372  0.0252667
103.627  0.0271151
103.67  0.0312963
103.704  0.0237035
103.845  0.0410959
103.953  0.0270993
103.984  0.036864
104.362  0.0249595
104.369  0.035889
104.399  0.0261585
104.437  0.0341784
104.513  0.0379004
104.963  0.0301029
104.968  0.0264148
105.034  0.0231743
105.095  0.0244085
105.183  0.0243748
105.184  0.0243731
105.221  0.0245942
105.349  0.029906
105.372  0.0252667
105.627  0.0271151
105.67  0.0234722
105.704  0.0237035
105.845  0.0273973
105.953  0.0270993
105.984  0.024576
106.362  0.0249595
106.369  0.023926
106.399  0.017439
106.437  0.0256338
106.513  0.0252669
106.963  0.0301029
106.968  0.0264148
107.034  0.0231743
107.095  0.0244085
107.183  0.0243748
107.184  0.0243731
107.221  0.0184456
107.349  0.029906
107.372  0.0252667
107.627  0.0271151
107.67  0.0156481
107.704  0.0237035
107.845  0.0273973
107.953  0.0270993
107.984  0.024576
108.362  0.0249595
108.369  0.023926
108.399  0.017439
108.437  0.0256338
108.513  0.0252669
108.963  0.0200686
108.968  0.0176099
109.034  0.0231743
109.095  0.0244085
109.183  0.0243748
109.184  0.0243731
109.221  0.0184456
109.349  0.029906
109.372  0.0252667
109.627  0.0271151
109.67  0.0234722
109.704  0.0237035
109.845  0.0273973
109.953  0.0270993
109.984  0.024576
110.362  0.0249595
110.369  0.023926
110.399  0.0261585
110.437  0.0256338
110.513  0.0252669
110.963  0.0200686
110.968  0.0264148
111.034  0.0231743
111.095  0.0244085
111.183  0.0243748
111.184  0.0243731
111.221  0.0245942
111.349  0.029906
111.372  0.0252667
111.627  0.0271151
111.67  0.0312963
111.704  0.0237035
111.845  0.0273973
111.953  0.0270993
111.984  0.024576
112.362  0.0249595
112.369  0.023926
112.399  0.0261585
112.437  0.0256338
112.513  0.0252669
112.963  0.0200686
112.968  0.0264148
113.034  0.0231743
113.095  0.0244085
113.183  0.0243748
113.184  0.0243731
113.221  0.0245942
113.349  0.0199373
113.372  0.0168445
113.627  0.0180767
113.67  0.0156481
113.704  0.0177776
113.845  0.0273973
113.953  0.0180662
113.984  0.024576
114.362  0.0249595
114.369  0.023926
114.399  0.017439
114.437  0.0170892
114.513  0.0252669
114.963  0.0200686
114.968  0.00880495
115.034  -0
115.095  0.0244085
115.183  0.00812494
115.184  0.00812438
115.221  0.00614854
115.349  0.0199373
115.372  -0
115.627  0.00903836
115.67  -0
115.704  0.00592587
115.845  -0
115.953  -0
115.984  0.012288
116.362  -0
116.369  -0
116.399  -0
116.437  -0
116.513  -0
116.963  -0
116.968  -0.00880495
117.034  -0
117.095  -0.0122042
117.183  -0
117.184  -0
117.221  -0.00614854
117.349  -0
117.372  -0.00842225
117.627  -0
117.67  -0
117.704  -0.00592587
117.845  -0
117.953  -0.00903309
117.984  -0.012288
118.362  -0.0124797
118.369  -0
118.399  -0.00871949
118.437  -0.0170892
118.513  -0.0126335
118.963  -0.0100343
118.968  -0.00880495
119.034  -0.0115871
119.095  -0.0122042
119.183  -0.00812494
119.184  -0.00812438
119.221  -0.0184456
119.349  -0.0199373
119.372  -0.00842225
119.627  -0.00903836
119.67  -0.00782407
119.704  -0.0177776
119.845  -0
119.953  -0.00903309
119.984  -0.012288
120.362  -0.0124797
120.369  -0.011963
120.399  -0.00871949
120.437  -0.0170892
120.513  -0.0126335
120.963  -0.0100343
120.968  -0.00880495
121.034  -0.0115871
121.095  -0.0122042
121.183  -0.0162499
121.184  -0.0162488
121.221  -0.0184456
121.349  -0.0199373
121.372  -0.00842225
121.627  -0.00903836
121.67  -0.00782407
121.704  -0.0177776
121.845  -0
121.953  -0.00903309
121.984  -0.012288
122.362  -0.0124797
122.369  -0.011963
122.399  -0.00871949
122.437  -0
122.513  -0.0126335
122.963  -0
122.968  -0.00880495
123.034  -0.0115871
123.095  -0
123.183  -0.00812494
123.184  -0.00812438
123.221  -0.00614854
123.349  -0
123.372  -0.00842225
123.627  -0
123.67  -0.00782407
123.704  -0
123.845  -0
123.953  -0.00903309
123.984  -0.012288
124.362  -0
124.369  -0
124.399  -0.00871949
124.437  -0
124.513  -0.0126335
124.963  -0
124.968  -0
125.034  -0
125.095  -0
125.183  -0
125.184  -0
125.221  -0.00614854
125.349  -0
125.372  -0
125.627  -0
125.67  -0
125.704  -0
125.845  0.0136986
125.953  -0
125.984  -0
126.362  -0
126.369  0.011963
126.399  -0
126.437  -0
126.513  -0
126.963  -0
126.968  -0
127.034  -0
127.095  -0
127.183  -0
127.184  -0
127.221  0.00614854
127.349  -0
127.372  -0
127.627  -0
127.67  -0
127.704  -0
127.845  0.0136986
127.953  -0
127.984  -0
128.362  -0
128.369  -0
128.399  -0
128.437  -0
128.513  -0
128.963  -0
128.968  0.00880495
129.034  -0
129.095  -0
129.183  -0
129.184  -0
129.221  0.00614854
129.349  -0
129.372  -0
129.627  -0
129.67  -0
129.704  -0
129.845  -0
129.953  -0
129.984  -0
-9999 -9999
17300 1
10.5652  0.0159947
11.0532  0.0119101
11.2424  0.0139878
11.5554  0.0248217
11.565  0.00884666
11.7942  0.0449438
11.964  0.00403445
12  0.00453209
12.5652  -0
13.0532  -0.0158801
13.2424  0.0046626
13.5554  -0
13.565  -0.01327
13.7942  -0.00561798
13.964  -0.0524479
14  -0.0181284
14.5652  -0.103966
15.0532  -0.146891
15.2424  -0.0885894
15.5554  -0.0992866
15.565  -0.1327
15.7942  -0.101124
15.964  -0.213826
16  -0.167687
16.5652  -0.311897
17.0532  -0.377152
17.2424  -0.303069
17.5554  -0.322682
17.565  -0.375983
17.7942  -0.337079
17.964  -0.467997
18  -0.421485
18.5652  -0.563814
19.0532  -0.611384
19.2424  -0.601476
19.5554  -0.635435
19.565  -0.650229
19.7942  -0.685393
19.964  -0.693926
20  -0.697942
20.5652  -0.743754
21.0532  -0.766215
21.2424  -0.843931
21.5554  -0.888615
21.565  -0.844856
21.7942  -0.949438
21.964  -0.806891
22  -0.879226
22.5652  -0.819729
23.0532  -0.829735
23.2424  -0.941845
23.565  -0.915629
23.964  -0.859339
24  -0.929079
24.5652  -0.859716
25.0532  -0.861495
25.2424  -0.93252
25.5554  -0.92833
25.565  -0.906783
25.7942  -0.870787
25.964  -0.871442
26  -0.892822
26.5652  -0.859716
27.0532  -0.845615
27.2424  -0.820618
27.5554  -0.759543
27.565  -0.809469
27.7942  -0.691011
27.964  -0.790753
28  -0.75686
28.5652  -0.747753
29.0532  -0.706664
29.2424  -0.615463
29.5554  -0.546077
29.565  -0.610419
29.7942  -0.516854
29.964  -0.613237
30  -0.539319
30.5652  -0.555816
31.0532  -0.520073
31.2424  -0.424297
31.5554  -0.397147
31.565  -0.415793
31.7942  -0.376404
31.964  -0.435721
32  -0.380696
32.5652  -0.395869
33.0532  -0.377152
33.2424  -0.321719
33.5554  -0.307789
33.565  -0.309633
33.7942  -0.286517
33.964  -0.314687
34  -0.290054
34.5652  -0.295902
35.0532  -0.273932
35.2424  -0.247118
35.5554  -0.218431
35.565  -0.234436
35.7942  -0.213483
35.964  -0.233998
36  -0.21754
36.5652  -0.215929
37.0532  -0.202471
37.2424  -0.181841
37.5554  -0.168787
37.565  -0.17251
37.7942  -0.174157
37.964  -0.169447
38  -0.163155
38.5652  -0.15195
39.0532  -0.150861
39.2424  -0.144541
39.5554  -0.14893
39.565  -0.137123
39.7942  -0.140449
39.964  -0.129103
40  -0.131431
40.5652  -0.11996
41.0532  -0.111161
41.2424  -0.121228
41.5554  -0.109215
41.565  -0.115007
41.7942  -0.11236
41.964  -0.104896
42  -0.104238
42.5652  -0.0959683
43.0532  -0.0873405
43.2424  -0.0885894
43.5554  -0.0794293
43.565  -0.0840433
43.7942  -0.0898876
43.964  -0.0766546
44  -0.0770456
44.5652  -0.0679775
45.0532  -0.0595504
45.2424  -0.069939
45.5554  -0.0695007
45.565  -0.0663499
45.7942  -0.0674157
45.964  -0.0484134
46  -0.0543851
46.5652  -0.0279907
47.0532  -0.0198501
47.2424  -0.0326382
47.5554  -0.0248217
47.565  -0.0176933
47.7942  -0.0224719
47.964  -0
48  -0.00906419
48.5652  0.0159947
49.0532  0.0277902
49.2424  0.0279756
49.5554  0.0248217
49.565  0.0353866
49.7942  0.0337079
49.964  0.0322756
50  0.0362567
50.5652  0.0319894
51.0532  0.0317602
51.2424  0.0373008
51.5554  0.0397147
51.565  0.0353866
51.7942  0.0449438
51.964  0.0322756
52  0.0362567
52.5652  0.0319894
53.0532  0.0317602
53.2424  0.0373008
53.5554  0.0397147
53.565  0.0353866
53.7942  0.0449438
53.964  0.0322756
54  0.0362567
54.5652  0.0279907
55.0532  0.0238201
55.2424  0.0373008
55.5554  0.0347503
55.565  0.0353866
55.7942  0.0280899
55.964  0.0242067
56  0.0317247
56.5652  0.0279907
57.0532  0.0238201
57.2424  0.0186504
57.5554  0.00496433
57.565  0.0176933
57.7942  -0.00561798
57.964  0.0282412
58  0.0135963
58.5652  0.0239921
59.0532  0.0238201
59.2424  -0.0046626
59.5554  -0.014893
59.565  -0
59.7942  -0.0280899
59.964  -0
60  -0.0135963
60.5652  -0.00399868
61.0532  -0.0158801
61.2424  -0.0326382
61.5554  -0.0347503
61.565  -0.0353866
61.7942  -0.0280899
61.964  -0.0282412
62  -0.0362567
62.5652  -0.0319894
63.0532  -0.0317602
63.2424  -0.0326382
63.5554  -0.0347503
63.565  -0.0353866
63.7942  -0.0224719
63.964  -0.0322756
64  -0.0271926
64.5652  -0.0319894
65.0532  -0.0277902
65.2424  -0.0186504
65.5554  -0.0198573
65.565  -0.0176933
65.7942  -0.0224719
65.964  -0.0161378
66  -0.0181284
66.5652  -0.0199934
67.0532  -0.0198501
67.2424  -0.023313
67.5554  -0.0198573
67.565  -0.0221166
67.7942  -0.0224719
67.964  -0.0201723
68  -0.0226605
68.5652  -0.0199934
69.0532  -0.0198501
69.2424  -0.023313
69.5554  -0.0198573
69.565  -0.0221166
69.7942  -0.0168539
69.964  -0.0242067
70  -0.0226605
70.5652  -0.0239921
71.0532  -0.0198501
71.2424  -0.0139878
71.5554  -0.014893
71.565  -0.01327
71.7942  -0.0168539
71.964  -0.0201723
72  -0.0135963
72.5652  -0.0199934
73.0532  -0.0198501
73.2424  -0.0139878
73.5554  -0.014893
73.565  -0.01327
73.7942  -0.0168539
73.964  -0.0161378
74  -0.0135963
74.5652  -0.0159947
75.0532  -0.0119101
75.2424  -0.0186504
75.5554  -0.014893
75.565  -0.0176933
75.7942  -0.0168539
75.964  -0.0161378
76  -0.0135963
76.5652  -0.0159947
77.0532  -0.0158801
77.2424  -0.0186504
77.5554  -0.014893
77.565  -0.0176933
77.7942  -0.0168539
77.964  -0.0201723
78  -0.0181284
78.5652  -0.0239921
79.0532  -0.0317602
79.2424  -0.0186504
79.5554  -0.0248217
79.565  -0.0221166
79.7942  -0.0224719
79.964  -0.0363101
80  -0.0271926
80.5652  -0.0359881
81.0532  -0.0436703
81.2424  -0.0419634
81.5554  -0.0397147
81.565  -0.0442333
81.7942  -0.0393258
81.964  -0.044379
82  -0.0407888
82.5652  -0.0439855
83.0532  -0.0436703
83.2424  -0.046626
83.5554  -0.044679
83.565  -0.0442333
83.7942  -0.0505618
83.964  -0.0363101
84  -0.0407888
84.5652  -0.0239921
85.0532  -0.0238201
85.2424  -0.0419634
85.5554  -0.0347503
85.565  -0.0309633
85.7942  -0.0449438
85.964  -0.0201723
86  -0.0271926
86.5652  -0.00399868
87.0532  -0.00397002
87.2424  -0.0093252
87.5554  -0.00992866
87.565  -0.00442333
87.7942  -0
87.964  -0
88  -0
88.5652  0.00399868
89.0532  0.0119101
89.2424  0.0186504
89.5554  0.029786
89.565  0.0176933
89.7942  0.0393258
89.964  0.0282412
90  0.0271926
90.5652  0.0319894
91.0532  0.0317602
91.2424  0.0373008
91.5554  0.0397147
91.565  0.0353866
91.7942  0.0449438
91.964  0.0322756
92  0.0362567
92.5652  0.0319894
93.0532  0.0317602
93.2424  0.0373008
93.5554  0.0397147
93.565  0.0353866
93.7942  0.0449438
93.964  0.0322756
94  0.0362567
94.5652  0.0319894
95.0532  0.0317602
95.2424  0.0373008
95.5554  0.0397147
95.565  0.0353866
95.7942  0.0449438
95.964  0.0322756
96  0.0362567
96.5652  0.0319894
97.0532  0.0317602
97.2424  0.0373008
97.5554  0.0397147
97.565  0.0353866
97.7942  0.0449438
97.964  0.0322756
98  0.0362567
98.5652  0.0319894
99.0532  0.0317602
99.2424  0.0373008
99.5554  0.0397147
99.565  0.0353866
99.7942  0.0449438
99.964  0.0322756
100  0.0362567
100.565  0.0319894
101.053  0.0317602
101.242  0.0373008
101.555  0.0397147
101.565  0.0353866
101.794  0.0449438
101.964  0.0322756
102  0.0362567
102.565  0.0319894
103.053  0.0317602
103.242  0.0373008
103.555  0.0397147
103.565  0.0353866
103.794  0.0393258
103.964  0.0322756
104  0.0362567
104.565  0.0319894
105.053  0.0317602
105.242  0.0373008
105.555  0.0347503
105.565  0.0353866
105.794  0.0337079
105.964  0.0322756
106  0.0362567
106.565  0.0319894
107.053  0.0317602
107.242  0.0279756
107.555  0.029786
107.565  0.02654
107.794  0.0224719
107.964  0.0282412
108  0.0271926
108.565  0.0279907
109.053  0.0277902
109.242  0.0186504
109.555  0.0198573
109.565  0.0221166
109.794  0.0168539
109.964  0.0242067
110  0.0181284
110.565  0.0279907
111.053  0.0238201
111.242  0.023313
111.555  0.0198573
111.565  0.0221166
111.794  0.0224719
111.964  0.0242067
112  0.0271926
112.565  0.0199934
113.053  0.0198501
113.242  0.023313
113.555  0.0198573
113.565  0.0221166
113.794  0.0224719
113.964  0.0242067
114  0.0271926
114.565  0.0159947
115.053  0.0198501
115.242  0.0186504
115.555  0.0198573
115.565  0.01327
115.794  0.0168539
115.964  0.00806891
116  0.00906419
116.565  0.00799736
117.053  0.00397002
117.242  0.0093252
117.555  0.00992866
117.565  0.00442333
117.794  0.011236
117.964  0.00403445
118  0.00906419
118.565  -0
119.053  -0.00794005
119.242  -0
119.555  -0
119.565  -0
119.794  -0.011236
119.964  -0.00403445
120  -0
120.565  -0.00799736
121.053  -0.00397002
121.242  -0.0093252
121.555  -0.014893
121.565  -0.00884666
121.794  -0.011236
121.964  -0.00806891
122  -0.0135963
122.565  -0.00799736
123.053  -0.00794005
123.242  -0.0139878
123.555  -0.014893
123.565  -0.0176933
123.794  -0.011236
123.964  -0.00806891
124  -0.0135963
124.565  -0.00799736
125.053  -0.0119101
125.242  -0.0139878
125.555  -0.014893
125.565  -0.01327
125.794  -0.011236
125.964  -0.0121034
126  -0.0135963
126.565  -0.011996
127.053  -0.0119101
127.242  -0.0046626
127.555  -0.00496433
127.565  -0.00884666
127.794  -0.00561798
127.964  -0.0121034
128  -0.00906419
128.565  -0.00799736
129.053  -0.00794005
129.242  -0.0046626
129.555  -0.00496433
129.565  -0.00442333
129.794  -0
129.964  -0
-9999 -9999
21600 0.89
10.0559  -0.0053149
10.3382  0.0060241
10.671  0.0183946
10.9594  0.030293
11.3453  0.00874822
11.5901  0.00445041
11.6329  0.0207267
11.8264  0.00857066
12  0.0163173
12.0559  0.0159447
12.3382  0.0120482
12.671  -0
12.9594  -0
13.3453  -0.0306188
13.5901  -0.0311528
13.6329  -0.00518168
13.8264  -0.0642799
14  -0.0163173
14.0559  -0.0159447
14.3382  -0.0240964
14.671  -0.105769
14.9594  -0.111074
15.3453  -0.183713
15.5901  -0.200268
15.6329  -0.160632
15.8264  -0.244264
16  -0.201246
16.0559  -0.212596
16.3382  -0.228916
16.671  -0.331103
16.9594  -0.328174
17.3453  -0.446159
17.5901  -0.471743
17.6329  -0.435261
17.8264  -0.509954
18  -0.47864
18.0559  -0.494286
18.3382  -0.542169
18.671  -0.61622
18.9594  -0.656348
19.3453  -0.699857
19.5901  -0.729867
19.6329  -0.746162
19.8264  -0.741362
20  -0.799546
20.0559  -0.80255
20.3382  -0.855422
20.671  -0.850752
20.9594  -0.90374
21.3453  -0.861699
21.5901  -0.88118
21.6329  -0.958611
21.8264  -0.861351
22  -0.979036
22.0559  -0.983257
22.3382  -1
22.671  -0.938126
22.9594  -0.974424
23.3453  -0.909815
23.5901  -0.912333
23.6329  -0.963793
23.8264  -0.895634
24  -0.946401
24.0559  -0.935423
24.3382  -0.921687
24.671  -0.901337
24.9594  -0.893643
25.3453  -0.874822
25.5901  -0.858928
25.6329  -0.829069
25.8264  -0.857066
26  -0.777789
26.0559  -0.781291
26.3382  -0.740964
26.671  -0.777173
26.9594  -0.721982
27.3453  -0.73485
27.5901  -0.712065
27.6329  -0.64771
27.8264  -0.689938
28  -0.587421
28.0559  -0.595269
28.3382  -0.572289
28.671  -0.574832
28.9594  -0.520029
29.3453  -0.529267
29.5901  -0.498445
29.6329  -0.466351
29.8264  -0.488527
30  -0.440566
30.0559  -0.430507
30.3382  -0.421687
30.671  -0.395484
30.9594  -0.378662
31.3453  -0.371799
31.5901  -0.347132
31.6329  -0.336809
31.8264  -0.351397
32  -0.331784
32.0559  -0.324209
32.3382  -0.319277
32.671  -0.298913
32.9594  -0.292832
33.3453  -0.284317
33.5901  -0.275925
33.6329  -0.264266
33.8264  -0.26569
34  -0.250198
34.0559  -0.2498
34.3382  -0.240964
34.671  -0.234532
34.9594  -0.2171
35.3453  -0.205583
35.5901  -0.200268
35.6329  -0.202086
35.8264  -0.19284
36  -0.195807
36.0559  -0.191336
36.3382  -0.186747
36.671  -0.17015
36.9594  -0.17166
37.3453  -0.157468
37.5901  -0.155764
37.6329  -0.15545
37.8264  -0.154272
38  -0.157734
38.0559  -0.154132
38.3382  -0.144578
38.671  -0.142558
38.9594  -0.141367
39.3453  -0.131223
39.5901  -0.129062
39.6329  -0.12436
39.8264  -0.124275
40  -0.125099
40.0559  -0.122243
40.3382  -0.120482
40.671  -0.110368
40.9594  -0.106025
41.3453  -0.0962304
41.5901  -0.0934585
41.6329  -0.0984519
41.8264  -0.0942772
42  -0.0979036
42.0559  -0.0956682
42.3382  -0.10241
42.671  -0.0827758
42.9594  -0.0858301
43.3453  -0.0743599
43.5901  -0.0756569
43.6329  -0.0777252
43.8264  -0.0642799
44  -0.0761472
44.0559  -0.0797235
44.3382  -0.0722892
44.671  -0.0689799
44.9594  -0.0656348
45.3453  -0.0524893
45.5901  -0.0534049
45.6329  -0.0518168
45.8264  -0.038568
46  -0.0489518
46.0559  -0.0478341
46.3382  -0.0421687
46.671  -0.0275919
46.9594  -0.0201953
47.3453  -0.00437411
47.5901  -0
47.6329  -0.00518168
47.8264  0.00857066
48  -0.00543909
48.0559  -0
48.3382  0.0120482
48.671  0.0321906
48.9594  0.0353418
49.3453  0.0349929
49.5901  0.0356032
49.6329  0.0414534
49.8264  0.0342826
50  0.0435127
50.0559  0.0425192
50.3382  0.0481928
50.671  0.0367893
50.9594  0.0403906
51.3453  0.0349929
51.5901  0.0356032
51.6329  0.0414534
51.8264  0.0342826
52  0.0435127
52.0559  0.0425192
52.3382  0.0481928
52.671  0.0367893
52.9594  0.0403906
53.3453  0.0349929
53.5901  0.0356032
53.6329  0.0414534
53.8264  0.0342826
54  0.0435127
54.0559  0.0425192
54.3382  0.0481928
54.671  0.0367893
54.9594  0.0353418
55.3453  0.0306188
55.5901  0.0311528
55.6329  0.0207267
55.8264  0.025712
56  0.0108782
56.0559  0.0106298
56.3382  -0
56.671  0.013796
56.9594  -0.00504883
57.3453  0.00874822
57.5901  0.00890081
57.6329  -0.015545
57.8264  0.00857066
58  -0.0163173
58.0559  -0.0212596
58.3382  -0.0240964
58.671  -0.013796
58.9594  -0.0201953
59.3453  -0.00874822
59.5901  -0.0178016
59.6329  -0.0259084
59.8264  -0.012856
60  -0.0271954
60.0559  -0.0318894
60.3382  -0.0240964
60.671  -0.0321906
60.9594  -0.0353418
61.3453  -0.039367
61.5901  -0.0400537
61.6329  -0.0259084
61.8264  -0.038568
62  -0.0271954
62.0559  -0.0212596
62.3382  -0.0240964
62.671  -0.0321906
62.9594  -0.0252441
63.3453  -0.0306188
63.5901  -0.0267024
63.6329  -0.0259084
63.8264  -0.0299973
64  -0.0271954
64.0559  -0.0212596
64.3382  -0.0240964
64.671  -0.0183946
64.9594  -0.0151465
65.3453  -0.0131223
65.5901  -0.0178016
65.6329  -0.0207267
65.8264  -0.0171413
66  -0.0217563
66.0559  -0.0212596
66.3382  -0.0180723
66.671  -0.0183946
66.9594  -0.0252441
67.3453  -0.0218705
67.5901  -0.022252
67.6329  -0.0207267
67.8264  -0.0214266
68  -0.0163173
68.0559  -0.0159447
68.3382  -0.0180723
68.671  -0.0229933
68.9594  -0.0151465
69.3453  -0.0218705
69.5901  -0.0178016
69.6329  -0.015545
69.8264  -0.0214266
70  -0.0163173
70.0559  -0.0159447
70.3382  -0.0180723
70.671  -0.0183946
70.9594  -0.0151465
71.3453  -0.0131223
71.5901  -0.0133512
71.6329  -0.015545
71.8264  -0.0171413
72  -0.0163173
72.0559  -0.0159447
72.3382  -0.0180723
72.671  -0.013796
72.9594  -0.0151465
73.3453  -0.0174964
73.5901  -0.0133512
73.6329  -0.015545
73.8264  -0.0171413
74  -0.0163173
74.0559  -0.0106298
74.3382  -0.0180723
74.671  -0.013796
74.9594  -0.0151465
75.3453  -0.0131223
75.5901  -0.0133512
75.6329  -0.015545
75.8264  -0.012856
76  -0.0108782
76.0559  -0.0159447
76.3382  -0.0180723
76.671  -0.013796
76.9594  -0.0151465
77.3453  -0.0131223
77.5901  -0.0178016
77.6329  -0.015545
77.8264  -0.0171413
78  -0.0163173
78.0559  -0.0159447
78.3382  -0.0180723
78.671  -0.0229933
78.9594  -0.0252441
79.3453  -0.0306188
79.5901  -0.0311528
79.6329  -0.0259084
79.8264  -0.038568
80  -0.0326345
80.0559  -0.0265745
80.3382  -0.0301205
80.671  -0.0367893
80.9594  -0.0353418
81.3453  -0.0481152
81.5901  -0.0445041
81.6329  -0.0466351
81.8264  -0.0471386
82  -0.0435127
82.0559  -0.053149
82.3382  -0.0481928
82.671  -0.0459866
82.9594  -0.0454395
83.3453  -0.0349929
83.5901  -0.0445041
83.6329  -0.0466351
83.8264  -0.0299973
84  -0.0489518
84.0559  -0.053149
84.3382  -0.0481928
84.671  -0.0321906
84.9594  -0.0403906
85.3453  -0.0218705
85.5901  -0.0267024
85.6329  -0.0310901
85.8264  -0.0171413
86  -0.0271954
86.0559  -0.0212596
86.3382  -0.0180723
86.671  -0.013796
86.9594  -0.00504883
87.3453  -0
87.5901  0.00890081
87.6329  -0
87.8264  0.00428533
88  0.0108782
88.0559  0.0159447
88.3382  0.0240964
88.671  0.0229933
88.9594  0.030293
89.3453  0.0306188
89.5901  0.0356032
89.6329  0.0414534
89.8264  0.0342826
90  0.0435127
90.0559  0.0425192
90.3382  0.0481928
90.671  0.0367893
90.9594  0.0403906
91.3453  0.0349929
91.5901  0.0356032
91.6329  0.0414534
91.8264  0.0342826
92  0.0435127
92.0559  0.0425192
92.3382  0.0481928
92.671  0.0367893
92.9594  0.0403906
93.3453  0.0349929
93.5901  0.0356032
93.6329  0.0414534
93.8264  0.0342826
94  0.0435127
94.0559  0.0425192
94.3382  0.0481928
94.671  0.0367893
94.9594  0.0403906
95.3453  0.0349929
95.5901  0.0356032
95.6329  0.0414534
95.8264  0.0342826
96  0.0435127
96.0559  0.0425192
96.3382  0.0481928
96.671  0.0367893
96.9594  0.0403906
97.3453  0.0349929
97.5901  0.0356032
97.6329  0.0414534
97.8264  0.0342826
98  0.0435127
98.0559  0.0425192
98.3382  0.0481928
98.671  0.0367893
98.9594  0.0403906
99.3453  0.0349929
99.5901  0.0356032
99.6329  0.0414534
99.8264  0.0342826
100  0.0435127
100.056  0.0425192
100.338  0.0481928
100.671  0.0367893
100.959  0.0403906
101.345  0.0349929
101.59  0.0356032
101.633  0.0414534
101.826  0.0342826
102  0.0435127
102.056  0.0425192
102.338  0.0421687
102.671  0.0367893
102.959  0.0403906
103.345  0.0349929
103.59  0.0356032
103.633  0.0362718
103.826  0.0342826
104  0.0380736
104.056  0.0372043
104.338  0.0361446
104.671  0.0367893
104.959  0.0353418
105.345  0.0349929
105.59  0.0311528
105.633  0.0310901
105.826  0.0299973
106  0.0271954
106.056  0.0265745
106.338  0.0301205
106.671  0.0275919
106.959  0.0201953
107.345  0.0262447
107.59  0.0178016
107.633  0.0207267
107.826  0.025712
108  0.0217563
108.056  0.0212596
108.338  0.0180723
108.671  0.0183946
108.959  0.0201953
109.345  0.0218705
109.59  0.0178016
109.633  0.0259084
109.826  0.0214266
110  0.0217563
110.056  0.0212596
110.338  0.0240964
110.671  0.0183946
110.959  0.0252441
111.345  0.0218705
111.59  0.0267024
111.633  0.0207267
111.826  0.0214266
112  0.0217563
112.056  0.0212596
112.338  0.0240964
112.671  0.0275919
112.959  0.0252441
113.345  0.0218705
113.59  0.022252
113.633  0.015545
113.826  0.0171413
114  0.0217563
114.056  0.0212596
114.338  0.0240964
114.671  0.013796
114.959  0.0201953
115.345  0.0131223
115.59  0.0133512
115.633  0.015545
115.826  0.012856
116  0.0163173
116.056  0.0212596
116.338  0.0180723
116.671  0.00919731
116.959  0.0100977
117.345  0.00437411
117.59  -0
117.633  0.00518168
117.826  -0
118  -0
118.056  -0
118.338  -0
118.671  -0
118.959  -0.00504883
119.345  -0.00437411
119.59  -0.00445041
119.633  -0.00518168
119.826  -0.00857066
120  -0.0108782
120.056  -0.0106298
120.338  -0.0060241
120.671  -0.013796
120.959  -0.0151465
121.345  -0.0131223
121.59  -0.00890081
121.633  -0.0103634
121.826  -0.012856
122  -0.0108782
122.056  -0.0106298
122.338  -0.0120482
122.671  -0.013796
122.959  -0.0151465
123.345  -0.0131223
123.59  -0.0133512
123.633  -0.015545
123.826  -0.012856
124  -0.0108782
124.056  -0.0159447
124.338  -0.0120482
124.671  -0.013796
124.959  -0.0151465
125.345  -0.0131223
125.59  -0.0133512
125.633  -0.00518168
125.826  -0.012856
126  -0.0108782
126.056  -0.0053149
126.338  -0.0060241
126.671  -0.013796
126.959  -0.00504883
127.345  -0.0131223
127.59  -0.00445041
127.633  0.00518168
127.826  -0.012856
128  -0
128.056  -0
128.338  -0
128.671  -0.00459866
128.959  -0
129.345  -0.00437411
129.59  -0.00445041
129.633  -0
129.826  -0.00428533
-9999 -9999
34300 0.6
12  -0.00440529
14  -0.118943
16  -0.343612
18  -0.621145
20  -0.819383
22  -0.903084
24  -0.947137
26  -1
28  -0.977974
30  -0.854626
32  -0.678414
34  -0.497797
36  -0.370044
38  -0.281938
40  -0.193833
42  -0.132159
44  -0.101322
46  -0.0484581
48  0.00440529
50  0.0352423
52  0.0352423
54  0.0264317
56  0.0264317
58  0.030837
60  0.0220264
62  -0.00881057
64  -0.0264317
66  -0.030837
68  -0.0220264
70  -0.0220264
72  -0.0352423
74  -0.0264317
76  -0.0220264
78  -0.030837
80  -0.0484581
82  -0.0484581
84  -0.0352423
86  -0.0132159
88  0.00881057
90  0.0264317
92  0.0352423
94  0.0352423
96  0.0352423
98  0.0352423
100  0.0352423
102  0.0352423
104  0.0352423
106  0.0352423
108  0.0352423
110  0.0352423
112  0.0264317
114  0.0220264
116  0.0132159
118  -0
120  -0.00440529
122  -0.00440529
124  -0.00440529
126  -0.00881057
128  -0.0132159
