lambda/I:qe/D:qesig
300         34.430113250283156      2.5180860702151726
310         35.07379388448469       1.9514269535673812
320         36.094178935447374      1.5210645526613809
330         36.159365798414534      1.232989807474519
340         36.474756511891314      1.0078708946772368
350         35.85352208380518       0.8322536806341991
360         35.316828992072494      0.7715402038505096
370         35.59920724801811       0.6463420158550394
380         35.03077010192527       0.5280181200453005
390         34.52244620611553       0.4499773499433745
400         34.000464326160824      0.37601359003397544
410         33.15210645526613       0.32618346545866345
420         32.12930917327294       0.27007927519818764
430         30.818233295583244      0.2301585503963758
440         29.197644394110977      0.19215175537938847
450         27.495798414496036      0.16284258210645539
460         25.761381653454123      0.13806342015855003
470         23.703204983012444      0.11500566251415627
480         21.738391845979628      0.09706681766704393
490         19.935402038505117      0.08609286523216302
500         18.55208380520952       0.07469988674971699
510         16.897814269535676      0.06522083805209504
520         14.688357870894679      0.054892412231030654
530         11.90443941109851       0.041608154020385146
540         9.212955832389584       0.03212910532276335
550         7.285186862967167       0.025198187995470044
560         5.967950169875427       0.019445073612683886
570         4.9259456398640955      0.016092865232162905
580         4.023986409966021       0.013125707814269374
590         3.190237825594563       0.011155152887882085
600         2.436443941109855       0.009660249150622763