lambda/I:qe/D
180 0.0301943
185 0.0717115
190 0.173617
195 0.426495
200 1.04359
205 2.25514
210 4.25174
215 6.57104
220 9.13378
225 11.4814
230 13.7158
235 15.4501
240 17.6901
245 19.4093
250 20.9643
255 22.2815
260 23.6459
265 25.2179
270 26.9258
275 28.662
280 30.1566
285 31.1115
290 31.9456
295 32.9609
300 34.28
305 34.38
310 34.48
315 34.995
320 35.51
325 35.585
330 35.66
335 36.16
340 36.66
345 36.59
350 36.52
355 36.175
360 35.83
365 36.02
370 36.21
375 35.575
380 34.94
385 34.77
390 34.6
395 34.5
400 34.4
405 33.96
410 33.52
415 33.01
420 32.5
425 31.935
430 31.37
435 30.505
440 29.64
445 28.785
450 27.93
455 26.95
460 25.97
465 24.985
470 24
475 22.925
480 21.85
485 20.895
490 19.94
495 19.22
500 18.5
505 17.73
510 16.96
515 16
520 15.04
525 13.775
530 12.51
535 11.055
540 9.6
545 8.455
550 7.31
555 6.54
560 5.77
565 5.21
570 4.65
575 4.185
580 3.72
585 3.315
590 2.91
595 2.55
600 2.19
605 1.91625
610 1.6425
615 1.40297
620 1.16344
625 0.958125
630 0.752813
635 0.615938
640 0.479063
645 0.376406
650 0.27375
655 0.239531
660 0.205313
665 0.136875
670 0.0684375
675 0.0684375
680 0.0684375
685 0
690 0
695 0
700 0
