lambda/I:qe/D
180 0.00016
185 0.00038
190 0.00092
195 0.00226
200 0.00553
205 0.01195
210 0.02253
215 0.03482
220 0.0484
225 0.06084
230 0.07268
235 0.08187
240 0.09374
245 0.10285
250 0.11109
255 0.11807
260 0.1253
265 0.13363
270 0.14268
275 0.15188
280 0.1598
285 0.16486
290 0.16928
295 0.17466
300 0.18165
305 0.18615
310 0.19113
315 0.19776
320 0.2044
325 0.20692
330 0.20944
335 0.20987
340 0.2103
345 0.21751
350 0.22473
355 0.2264
360 0.22807
365 0.22826
370 0.22845
375 0.22919
380 0.22993
385 0.23249
390 0.23505
395 0.23761
400 0.24017
405 0.24017
410 0.24017
415 0.24009
420 0.24002
425 0.23796
430 0.2359
435 0.23381
440 0.23171
445 0.2297
450 0.22768
455 0.22112
460 0.21456
465 0.2075
470 0.20044
475 0.19505
480 0.18965
485 0.18535
490 0.18104
495 0.17825
500 0.17545
505 0.17033
510 0.16521
515 0.15109
520 0.13696
525 0.12214
530 0.10732
535 0.09937
540 0.09141
545 0.0866
550 0.08179
555 0.07818
560 0.07457
565 0.07131
570 0.06806
575 0.06456
580 0.06107
585 0.05735
590 0.05362
595 0.05063
600 0.04765
605 0.04396
610 0.04027
615 0.0367
620 0.03314
625 0.02972
630 0.02631
635 0.02312
640 0.01994
645 0.01723
650 0.01451
655 0.01214
660 0.00978
665 0.00799
670 0.00621
675 0.00493
680 0.00365
685 0.00279
690 0.00194
695 0.00147
700 0.00101
